description	age	n	num_state_healthy	tot_state_healthy	num_state_polyp	tot_state_polyp	num_state_cancer	tot_state_cancer	num_state_pre	tot_state_pre	num_state_clin	tot_state_clin	tot_state_dead	tot_state_dead_crc	tot_polyps_removed	tot_lesions_cured	tot_discounted_cost_routine	tot_discounted_cost_diagnostic	tot_discounted_cost_surveillance	tot_discounted_cost_treatment	tot_test0_performed	tot_test1_performed	tot_test2_performed	tot_test3_performed
baseline	1	10000	10000	10000	0	0	0	0	0	0	0	0	0	0	0	0	0.0	0.0	0.0	0.0	0	0	0	0
baseline	2	10000	10000	10000	0	0	0	0	0	0	0	0	0	0	0	0	0.0	0.0	0.0	0.0	0	0	0	0
baseline	3	10000	10000	10000	0	0	0	0	0	0	0	0	0	0	0	0	0.0	0.0	0.0	0.0	0	0	0	0
baseline	4	10000	10000	10000	0	0	0	0	0	0	0	0	0	0	0	0	0.0	0.0	0.0	0.0	0	0	0	0
baseline	5	10000	10000	10000	0	0	0	0	0	0	0	0	0	0	0	0	0.0	0.0	0.0	0.0	0	0	0	0
baseline	6	10000	10000	10000	0	0	0	0	0	0	0	0	0	0	0	0	0.0	0.0	0.0	0.0	0	0	0	0
baseline	7	10000	10000	10000	0	0	0	0	0	0	0	0	0	0	0	0	0.0	0.0	0.0	0.0	0	0	0	0
baseline	8	10000	10000	10000	0	0	0	0	0	0	0	0	0	0	0	0	0.0	0.0	0.0	0.0	0	0	0	0
baseline	9	10000	10000	10000	0	0	0	0	0	0	0	0	0	0	0	0	0.0	0.0	0.0	0.0	0	0	0	0
baseline	10	10000	10000	10000	0	0	0	0	0	0	0	0	0	0	0	0	0.0	0.0	0.0	0.0	0	0	0	0
baseline	11	10000	10000	10000	0	0	0	0	0	0	0	0	0	0	0	0	0.0	0.0	0.0	0.0	0	0	0	0
baseline	12	10000	10000	10000	0	0	0	0	0	0	0	0	0	0	0	0	0.0	0.0	0.0	0.0	0	0	0	0
baseline	13	10000	10000	10000	0	0	0	0	0	0	0	0	0	0	0	0	0.0	0.0	0.0	0.0	0	0	0	0
baseline	14	10000	10000	10000	0	0	0	0	0	0	0	0	0	0	0	0	0.0	0.0	0.0	0.0	0	0	0	0
baseline	15	10000	10000	10000	0	0	0	0	0	0	0	0	0	0	0	0	0.0	0.0	0.0	0.0	0	0	0	0
baseline	16	10000	10000	10000	0	0	0	0	0	0	0	0	0	0	0	0	0.0	0.0	0.0	0.0	0	0	0	0
baseline	17	10000	10000	10000	0	0	0	0	0	0	0	0	0	0	0	0	0.0	0.0	0.0	0.0	0	0	0	0
baseline	18	10000	10000	10000	0	0	0	0	0	0	0	0	0	0	0	0	0.0	0.0	0.0	0.0	0	0	0	0
baseline	19	10000	10000	10000	0	0	0	0	0	0	0	0	0	0	0	0	0.0	0.0	0.0	0.0	0	0	0	0
baseline	20	10000	10000	10000	0	0	0	0	0	0	0	0	0	0	0	0	0.0	0.0	0.0	0.0	0	0	0	0
baseline	21	10000	10000	10000	0	0	0	0	0	0	0	0	0	0	0	0	0.0	0.0	0.0	0.0	0	0	0	0
baseline	22	10000	10000	10000	0	0	0	0	0	0	0	0	0	0	0	0	0.0	0.0	0.0	0.0	0	0	0	0
baseline	23	10000	10000	10000	0	0	0	0	0	0	0	0	0	0	0	0	0.0	0.0	0.0	0.0	0	0	0	0
baseline	24	10000	10000	10000	0	0	0	0	0	0	0	0	0	0	0	0	0.0	0.0	0.0	0.0	0	0	0	0
baseline	25	10000	10000	10000	0	0	0	0	0	0	0	0	0	0	0	0	0.0	0.0	0.0	0.0	0	0	0	0
baseline	26	10000	10000	10000	0	0	0	0	0	0	0	0	0	0	0	0	0.0	0.0	0.0	0.0	0	0	0	0
baseline	27	10000	10000	10000	0	0	0	0	0	0	0	0	0	0	0	0	0.0	0.0	0.0	0.0	0	0	0	0
baseline	28	10000	10000	10000	0	0	0	0	0	0	0	0	0	0	0	0	0.0	0.0	0.0	0.0	0	0	0	0
baseline	29	10000	10000	10000	0	0	0	0	0	0	0	0	0	0	0	0	0.0	0.0	0.0	0.0	0	0	0	0
baseline	30	10000	10000	10000	0	0	0	0	0	0	0	0	0	0	0	0	0.0	0.0	0.0	0.0	0	0	0	0
baseline	31	10000	10000	10000	0	0	0	0	0	0	0	0	0	0	0	0	0.0	0.0	0.0	0.0	0	0	0	0
baseline	32	10000	10000	10000	0	0	0	0	0	0	0	0	0	0	0	0	0.0	0.0	0.0	0.0	0	0	0	0
baseline	33	10000	10000	10000	0	0	0	0	0	0	0	0	0	0	0	0	0.0	0.0	0.0	0.0	0	0	0	0
baseline	34	10000	10000	10000	0	0	0	0	0	0	0	0	0	0	0	0	0.0	0.0	0.0	0.0	0	0	0	0
baseline	35	10000	10000	10000	0	0	0	0	0	0	0	0	0	0	0	0	0.0	0.0	0.0	0.0	0	0	0	0
baseline	36	10000	10000	10000	0	0	0	0	0	0	0	0	0	0	0	0	0.0	0.0	0.0	0.0	0	0	0	0
baseline	37	10000	10000	10000	0	0	0	0	0	0	0	0	0	0	0	0	0.0	0.0	0.0	0.0	0	0	0	0
baseline	38	10000	10000	10000	0	0	0	0	0	0	0	0	0	0	0	0	0.0	0.0	0.0	0.0	0	0	0	0
baseline	39	10000	10000	10000	0	0	0	0	0	0	0	0	0	0	0	0	0.0	0.0	0.0	0.0	0	0	0	0
baseline	40	10000	9934	10000	66	66	0	0	0	0	0	0	0	0	0	0	0.0	0.0	0.0	0.0	0	0	0	0
baseline	41	10000	9854	10000	146	146	0	0	0	0	0	0	0	0	0	0	0.0	0.0	0.0	0.0	0	0	0	0
baseline	42	10000	9768	10000	232	232	0	0	0	0	0	0	0	0	0	0	0.0	0.0	0.0	0.0	0	0	0	0
baseline	43	10000	9626	10000	318	320	1	1	1	1	0	0	55	0	0	0	0.0	0.0	0.0	0.0	0	0	0	0
baseline	44	10000	9497	10000	390	393	2	2	2	2	0	0	111	0	0	0	0.0	0.0	0.0	0.0	0	0	0	0
baseline	45	10000	9362	10000	459	465	3	3	3	3	0	0	176	0	0	0	0.0	0.0	0.0	0.0	0	0	0	0
baseline	46	10000	9239	10000	525	539	9	9	7	9	2	2	227	0	0	0	0.0	0.1636	0.0	6.5154	0	0	2	0
baseline	47	10000	9092	10000	590	609	10	10	7	10	3	3	308	0	0	0	0.0	0.2454	0.0	9.9554	0	0	3	0
baseline	48	10000	8950	10000	641	669	11	11	7	11	4	4	398	0	1	0	0.0	0.3717	0.0	12.8954	0	0	4	0
baseline	49	10000	8785	10000	704	741	12	13	6	13	6	7	499	1	1	0	0.0	0.7807	0.0	24.1554	0	0	9	0
baseline	50	10000	8620	10052	778	874	12	14	4	14	8	10	590	2	73	0	58.6409	5.24754395801024	0.0	34.90863446522644	1040	309	595	0
baseline	51	10000	8398	10053	896	1008	14	18	6	18	8	12	692	4	75	0	60.38340800000029	7.158121284515537	0.07823855759593827	41.07240457615203	2038	309	619	0
baseline	52	10000	8179	10054	1007	1133	18	22	9	22	9	13	796	4	76	0	62.109206779999845	9.19968980616254	0.1534166659703995	43.78805783583651	3057	309	646	0
baseline	53	10000	7963	10058	1108	1254	19	25	9	25	10	15	910	5	82	0	63.71916195200008	11.57186918865274	0.1534166659703995	49.82241118185173	4037	309	675	0
baseline	54	10000	7727	10063	1201	1377	25	31	13	31	12	17	1047	5	88	0	65.28400552295581	14.08428788312602	0.33567938362597777	55.833263999314816	5019	309	709	0
baseline	55	10000	7549	10112	1248	1490	28	34	13	34	15	20	1175	5	160	0	74.96202386599634	21.106919982544564	4.639692068673476	64.8174154433842	5987	582	840	0
baseline	56	10000	7365	10116	1304	1578	32	40	14	40	18	24	1299	6	171	0	76.36241640068404	23.353464415062497	4.850030491531527	75.3812217053594	6921	582	872	0
baseline	57	10000	7134	10117	1367	1677	42	51	20	51	22	29	1457	7	173	0	77.73097774317418	25.20703564969426	4.916123488234623	89.90675380463036	7862	582	900	0
baseline	58	10000	6913	10126	1425	1780	52	62	22	62	30	38	1610	7	198	0	79.02885674640306	28.583498376506288	5.433046019077612	114.00031241150496	8782	582	952	0
baseline	59	10000	6661	10132	1472	1863	55	68	22	68	33	44	1812	9	212	0	80.28643096362937	30.925415745056355	5.867648463961727	129.2832805457017	9701	582	991	0
baseline	60	10000	6494	10259	1464	2024	60	77	24	77	36	50	1982	11	388	0	118.90887212492626	36.17957027766294	11.737785777771348	144.65032927870533	10591	823	1614	0
baseline	61	10000	6223	10267	1545	2161	69	87	23	87	46	61	2163	12	409	0	120.00328327165116	38.79556496948172	12.393711200135684	171.9708488365752	11441	823	1662	0
baseline	62	10000	5929	10272	1613	2292	79	100	26	100	53	70	2379	14	420	0	121.05362183772614	40.83295635421508	12.737893412464976	193.77094045082174	12282	823	1699	0
baseline	63	10000	5674	10283	1657	2402	88	115	30	115	58	80	2581	17	452	0	121.98038014088405	43.042595469154165	14.221869751677001	216.19356487533565	13047	823	1756	0
baseline	64	10000	5406	10289	1688	2503	104	136	45	136	59	85	2802	19	482	0	122.89578716913923	45.00120168277455	14.97347084670272	227.0187682473575	13826	823	1798	0
baseline	65	10000	5224	10378	1652	2610	111	146	38	146	73	102	3013	21	641	0	128.46535802783492	52.96881838601098	25.35483978360905	263.2228913254105	14563	1037	2059	0
baseline	66	10000	4992	10389	1646	2700	125	166	50	166	75	110	3237	23	677	0	129.24595157065497	55.480150948016075	26.574395883389155	280.1344057994958	15269	1037	2120	0
baseline	67	10000	4781	10400	1645	2776	131	178	48	178	83	122	3443	24	709	0	130.0460267823488	57.740486188597224	27.381640758086835	305.59659574091455	16015	1037	2171	0
baseline	68	10000	4585	10411	1641	2847	130	189	43	189	87	136	3644	31	771	0	130.78672912042404	60.74194867463246	28.55896222548505	332.45591227985983	16727	1037	2240	0
baseline	69	10000	4363	10420	1636	2926	134	204	41	204	93	150	3867	37	809	0	131.43255497924002	63.05842180666678	29.647454181607127	358.83200169798	17367	1037	2300	0
baseline	70	10000	4255	10565	1465	2989	136	224	46	224	90	163	4144	48	1080	0	151.77965352909465	67.25762135039491	40.02964331476119	382.204619037073	18008	1197	2898	0
baseline	71	10000	4020	10577	1425	3054	150	248	55	248	95	176	4405	53	1122	0	152.3426862282855	69.15922583878302	41.476797606757785	405.611152024767	18601	1197	2960	0
baseline	72	10000	3759	10588	1405	3111	150	257	42	257	108	195	4686	55	1169	0	152.87685519382453	71.52223022285874	42.58022638465562	438.6856576467375	19181	1197	3026	0
baseline	73	10000	3551	10605	1325	3154	160	273	43	273	117	207	4964	57	1228	0	153.34854481001548	73.47438591219037	44.23103063081048	459.54073301298774	19709	1197	3096	0
baseline	74	10000	3330	10624	1269	3198	158	285	45	285	113	215	5243	59	1287	0	153.78788616673216	75.3373161010177	45.790335786984464	472.9015244214329	20216	1197	3166	0
baseline	75	10000	3192	10711	1139	3235	173	309	52	309	121	228	5496	62	1451	0	156.25944318923158	79.00136748582153	57.06002448108551	493.91738951160767	20694	1324	3466	0
baseline	76	10000	2932	10713	1101	3290	177	324	47	324	130	245	5790	67	1492	0	156.25944318923158	80.00287694130404	58.13103901013896	521.6311358954625	20694	1324	3509	0
baseline	77	10000	2709	10719	1038	3331	177	343	47	343	130	258	6076	70	1534	0	156.25944318923158	80.66108909307368	59.564396410299125	541.1848471911693	20694	1324	3555	0
baseline	78	10000	2490	10728	982	3367	174	359	45	359	129	268	6354	76	1563	0	156.25944318923158	81.10457201902915	61.01504123960376	555.5747297389299	20694	1324	3599	0
baseline	79	10000	2252	10734	925	3399	164	366	37	366	127	281	6659	82	1594	0	156.25944318923158	81.72087717896001	62.224226096607175	574.8045208822398	20694	1324	3642	0
baseline	80	10000	2122	10775	793	3400	159	378	37	378	122	292	6926	90	1663	0	156.25944318923158	82.21285958837785	69.40265930892993	590.015713013795	20694	1324	3846	0
baseline	81	10000	1934	10777	712	3400	151	388	35	388	116	300	7203	96	1683	0	156.25944318923158	82.56774611246938	70.28032030707382	599.6573421243772	20694	1324	3878	0
baseline	82	10000	1759	10777	632	3400	141	397	30	397	111	310	7468	99	1704	0	156.25944318923158	83.0485101303614	70.7716950315427	613.5543305806561	20694	1324	3904	0
baseline	83	10000	1599	10779	573	3400	140	409	33	409	107	318	7688	104	1715	0	156.25944318923158	83.38423725368783	71.52131734750093	623.4835911347291	20694	1324	3936	0
baseline	84	10000	1425	10780	487	3400	142	425	33	425	109	331	7946	106	1731	0	156.25944318923158	83.90682529320014	72.18819222862402	638.3035311031374	20694	1324	3971	0
baseline	85	10000	1283	10782	422	3400	132	433	29	433	103	341	8163	111	1749	0	156.25944318923158	84.3498641845439	75.30281807908682	650.0663353767243	20694	1324	4092	0
baseline	86	10000	1123	10782	353	3400	118	441	23	441	95	346	8406	118	1758	0	156.25944318923158	84.54100731645595	75.60089020778446	655.7822596437884	20694	1324	4108	0
baseline	87	10000	953	10782	300	3400	104	445	19	445	85	351	8643	119	1767	0	156.25944318923158	84.71651293796357	75.82980013768554	661.1219547373021	20694	1324	4120	0
baseline	88	10000	819	10782	253	3400	94	453	19	453	75	356	8834	122	1782	0	156.25944318923158	84.9083686982909	76.20055324489654	666.5633480351923	20694	1324	4139	0
baseline	89	10000	682	10782	204	3400	85	456	17	456	68	360	9029	123	1788	0	156.25944318923158	85.01741095301385	76.52291702927714	670.5774632838813	20694	1324	4155	0
baseline	90	10000	563	10782	174	3400	77	460	13	460	64	366	9186	124	1792	0	156.25944318923158	85.20164006723016	78.47012711878563	676.6552084951611	20694	1324	4213	0
baseline	91	10000	469	10782	145	3400	67	467	14	467	53	368	9319	127	1796	0	156.25944318923158	85.26372518807813	78.57580255691853	678.4447028496345	20694	1324	4219	0
baseline	92	10000	387	10782	116	3400	55	472	13	472	42	372	9442	129	1803	0	156.25944318923158	85.38643880014072	78.64314424323402	682.0521807683921	20694	1324	4226	0
baseline	93	10000	298	10782	92	3400	43	472	10	472	33	374	9567	129	1804	0	156.25944318923158	85.43024635851297	78.74267651496828	684.0860815276928	20694	1324	4232	0
baseline	94	10000	237	10782	68	3400	35	472	7	472	28	375	9660	129	1804	0	156.25944318923158	85.45141783401328	78.80670193028791	685.162772702281	20694	1324	4236	0
baseline	95	10000	186	10782	55	3400	24	472	3	472	21	378	9735	130	1808	0	156.25944318923158	85.53878869664094	79.15982839538972	688.1161408506498	20694	1324	4256	0
baseline	96	10000	147	10782	44	3400	21	472	2	472	19	379	9788	131	1814	0	156.25944318923158	85.5778647881415	79.17997737604556	689.1397966481458	20694	1324	4258	0
baseline	97	10000	109	10782	31	3400	14	472	2	472	12	379	9846	131	1814	0	156.25944318923158	85.5778647881415	79.17997737604556	689.1397966481458	20694	1324	4258	0
baseline	98	10000	86	10782	18	3400	10	472	2	472	8	379	9886	131	1814	0	156.25944318923158	85.5778647881415	79.17997737604556	689.1397966481458	20694	1324	4258	0
baseline	99	10000	65	10782	10	3400	8	473	2	473	6	379	9917	131	1814	0	156.25944318923158	85.5778647881415	79.19815804243194	689.1397966481458	20694	1324	4259	0
baseline	100	10000	0	10782	0	3400	0	473	0	473	0	379	10000	131	1814	0	156.25944318923158	85.5778647881415	79.26950903324561	689.1397966481458	20694	1324	4263	0
