description	age	n	num_state_healthy	tot_state_healthy	num_state_polyp	tot_state_polyp	num_state_cancer	tot_state_cancer	num_state_pre	tot_state_pre	num_state_clin	tot_state_clin	tot_state_dead	tot_state_dead_crc	tot_polyps_removed	tot_lesions_cured	tot_discounted_cost_routine	tot_discounted_cost_diagnostic	tot_discounted_cost_surveillance	tot_discounted_cost_treatment	tot_test0_performed	tot_test1_performed	tot_test2_performed	tot_test3_performed
baseline	1	10000	10000	10000	0	0	0	0	0	0	0	0	0	0	0	0	0.0	0.0	0.0	0.0	0	0	0	0
baseline	2	10000	10000	10000	0	0	0	0	0	0	0	0	0	0	0	0	0.0	0.0	0.0	0.0	0	0	0	0
baseline	3	10000	10000	10000	0	0	0	0	0	0	0	0	0	0	0	0	0.0	0.0	0.0	0.0	0	0	0	0
baseline	4	10000	10000	10000	0	0	0	0	0	0	0	0	0	0	0	0	0.0	0.0	0.0	0.0	0	0	0	0
baseline	5	10000	10000	10000	0	0	0	0	0	0	0	0	0	0	0	0	0.0	0.0	0.0	0.0	0	0	0	0
baseline	6	10000	10000	10000	0	0	0	0	0	0	0	0	0	0	0	0	0.0	0.0	0.0	0.0	0	0	0	0
baseline	7	10000	10000	10000	0	0	0	0	0	0	0	0	0	0	0	0	0.0	0.0	0.0	0.0	0	0	0	0
baseline	8	10000	10000	10000	0	0	0	0	0	0	0	0	0	0	0	0	0.0	0.0	0.0	0.0	0	0	0	0
baseline	9	10000	10000	10000	0	0	0	0	0	0	0	0	0	0	0	0	0.0	0.0	0.0	0.0	0	0	0	0
baseline	10	10000	10000	10000	0	0	0	0	0	0	0	0	0	0	0	0	0.0	0.0	0.0	0.0	0	0	0	0
baseline	11	10000	10000	10000	0	0	0	0	0	0	0	0	0	0	0	0	0.0	0.0	0.0	0.0	0	0	0	0
baseline	12	10000	10000	10000	0	0	0	0	0	0	0	0	0	0	0	0	0.0	0.0	0.0	0.0	0	0	0	0
baseline	13	10000	10000	10000	0	0	0	0	0	0	0	0	0	0	0	0	0.0	0.0	0.0	0.0	0	0	0	0
baseline	14	10000	10000	10000	0	0	0	0	0	0	0	0	0	0	0	0	0.0	0.0	0.0	0.0	0	0	0	0
baseline	15	10000	10000	10000	0	0	0	0	0	0	0	0	0	0	0	0	0.0	0.0	0.0	0.0	0	0	0	0
baseline	16	10000	10000	10000	0	0	0	0	0	0	0	0	0	0	0	0	0.0	0.0	0.0	0.0	0	0	0	0
baseline	17	10000	10000	10000	0	0	0	0	0	0	0	0	0	0	0	0	0.0	0.0	0.0	0.0	0	0	0	0
baseline	18	10000	10000	10000	0	0	0	0	0	0	0	0	0	0	0	0	0.0	0.0	0.0	0.0	0	0	0	0
baseline	19	10000	10000	10000	0	0	0	0	0	0	0	0	0	0	0	0	0.0	0.0	0.0	0.0	0	0	0	0
baseline	20	10000	10000	10000	0	0	0	0	0	0	0	0	0	0	0	0	0.0	0.0	0.0	0.0	0	0	0	0
baseline	21	10000	10000	10000	0	0	0	0	0	0	0	0	0	0	0	0	0.0	0.0	0.0	0.0	0	0	0	0
baseline	22	10000	10000	10000	0	0	0	0	0	0	0	0	0	0	0	0	0.0	0.0	0.0	0.0	0	0	0	0
baseline	23	10000	10000	10000	0	0	0	0	0	0	0	0	0	0	0	0	0.0	0.0	0.0	0.0	0	0	0	0
baseline	24	10000	10000	10000	0	0	0	0	0	0	0	0	0	0	0	0	0.0	0.0	0.0	0.0	0	0	0	0
baseline	25	10000	10000	10000	0	0	0	0	0	0	0	0	0	0	0	0	0.0	0.0	0.0	0.0	0	0	0	0
baseline	26	10000	10000	10000	0	0	0	0	0	0	0	0	0	0	0	0	0.0	0.0	0.0	0.0	0	0	0	0
baseline	27	10000	10000	10000	0	0	0	0	0	0	0	0	0	0	0	0	0.0	0.0	0.0	0.0	0	0	0	0
baseline	28	10000	10000	10000	0	0	0	0	0	0	0	0	0	0	0	0	0.0	0.0	0.0	0.0	0	0	0	0
baseline	29	10000	10000	10000	0	0	0	0	0	0	0	0	0	0	0	0	0.0	0.0	0.0	0.0	0	0	0	0
baseline	30	10000	10000	10000	0	0	0	0	0	0	0	0	0	0	0	0	0.0	0.0	0.0	0.0	0	0	0	0
baseline	31	10000	10000	10000	0	0	0	0	0	0	0	0	0	0	0	0	0.0	0.0	0.0	0.0	0	0	0	0
baseline	32	10000	10000	10000	0	0	0	0	0	0	0	0	0	0	0	0	0.0	0.0	0.0	0.0	0	0	0	0
baseline	33	10000	10000	10000	0	0	0	0	0	0	0	0	0	0	0	0	0.0	0.0	0.0	0.0	0	0	0	0
baseline	34	10000	10000	10000	0	0	0	0	0	0	0	0	0	0	0	0	0.0	0.0	0.0	0.0	0	0	0	0
baseline	35	10000	10000	10000	0	0	0	0	0	0	0	0	0	0	0	0	0.0	0.0	0.0	0.0	0	0	0	0
baseline	36	10000	10000	10000	0	0	0	0	0	0	0	0	0	0	0	0	0.0	0.0	0.0	0.0	0	0	0	0
baseline	37	10000	10000	10000	0	0	0	0	0	0	0	0	0	0	0	0	0.0	0.0	0.0	0.0	0	0	0	0
baseline	38	10000	10000	10000	0	0	0	0	0	0	0	0	0	0	0	0	0.0	0.0	0.0	0.0	0	0	0	0
baseline	39	10000	10000	10000	0	0	0	0	0	0	0	0	0	0	0	0	0.0	0.0	0.0	0.0	0	0	0	0
baseline	40	10000	9934	10000	66	66	0	0	0	0	0	0	0	0	0	0	0.0	0.0	0.0	0.0	0	0	0	0
baseline	41	10000	9854	10000	146	146	0	0	0	0	0	0	0	0	0	0	0.0	0.0	0.0	0.0	0	0	0	0
baseline	42	10000	9768	10000	232	232	0	0	0	0	0	0	0	0	0	0	0.0	0.0	0.0	0.0	0	0	0	0
baseline	43	10000	9638	10000	318	320	1	1	1	1	0	0	43	0	0	0	0.0	0.0	0.0	0.0	0	0	0	0
baseline	44	10000	9531	10000	390	393	2	2	2	2	0	0	77	0	0	0	0.0	0.0	0.0	0.0	0	0	0	0
baseline	45	10000	9417	10000	460	465	3	3	3	3	0	0	120	0	0	0	0.0	0.0	0.0	0.0	0	0	0	0
baseline	46	10000	9298	10000	527	539	9	9	7	9	2	2	166	0	0	0	0.0	0.1636	0.0	6.5154	0	0	2	0
baseline	47	10000	9205	10000	596	609	10	10	7	10	3	3	189	0	0	0	0.0	0.2454	0.0	9.9554	0	0	3	0
baseline	48	10000	9093	10000	654	670	10	11	7	11	3	4	243	1	0	0	0.0	0.3272	0.0	12.8954	0	0	4	0
baseline	49	10000	8963	10000	717	743	14	16	8	16	6	8	306	2	0	0	0.0	0.6544	0.0	28.8154	0	0	8	0
baseline	50	10000	8895	10125	727	882	15	17	8	17	7	9	363	2	139	0	152.3946	15.5639	0.0	32.0731	2731	698	1535	0
baseline	51	10000	8693	10130	858	1026	17	20	6	20	11	14	432	3	150	0	156.97435799999423	22.54923266880519	0.07823855759593827	48.001601242011866	5354	698	1620	0
baseline	52	10000	8501	10134	969	1156	25	28	10	28	15	18	505	3	156	0	161.31341244000257	28.875157334590686	0.1534166659703995	60.21159787276151	7916	698	1700	0
baseline	53	10000	8321	10139	1081	1284	31	35	15	35	16	20	567	4	168	0	165.3333719357997	35.08280107688176	0.1534166659703995	66.19705459554731	10363	698	1779	0
baseline	54	10000	8137	10148	1183	1412	37	41	17	41	20	24	643	4	185	0	169.2821319855235	41.54769230919353	0.5887778182696722	78.04216081122951	12841	698	1867	0
baseline	55	10000	8034	10221	1205	1528	50	54	25	54	25	29	711	4	278	0	193.8363433493761	52.185962216256854	10.18856549156997	93.41404238824626	15251	1393	2112	0
baseline	56	10000	7884	10232	1270	1624	58	62	23	62	35	39	788	4	303	0	197.37630777592238	58.93806911064542	10.94469862231454	123.10076532795138	17612	1393	2212	0
baseline	57	10000	7711	10241	1345	1728	64	71	23	71	41	48	880	6	328	0	200.69372374002592	64.5017288459399	11.606720706877512	148.6636740665189	19893	1393	2297	0
baseline	58	10000	7521	10254	1416	1844	73	82	24	82	49	58	990	8	345	0	204.02306553091688	70.33972129554736	12.186666336833564	173.78334959386984	22253	1393	2389	0
baseline	59	10000	7350	10273	1480	1943	76	89	22	89	54	67	1094	11	385	0	207.18684310461356	76.37910630829414	13.422246720195812	198.56121917160723	24565	1393	2490	0
baseline	60	10000	7340	10533	1387	2130	79	95	19	95	60	76	1194	14	751	0	308.355902633648	89.64811269057996	24.549473630714697	221.59050788779888	26846	2042	4018	0
baseline	61	10000	7104	10549	1497	2293	91	110	23	110	68	86	1308	16	791	0	311.27862416666534	94.82555021778467	26.19767760698086	245.7368575676098	29116	2042	4121	0
baseline	62	10000	6858	10569	1608	2456	91	117	21	117	70	95	1443	21	831	0	314.00251050746186	99.27397507058731	27.39274684895092	267.0385710185439	31297	2042	4204	0
baseline	63	10000	6629	10590	1692	2600	101	133	31	133	70	101	1578	26	873	0	316.63620011669707	104.83793736953254	28.749786033984588	281.85373773660376	33471	2042	4314	0
baseline	64	10000	6391	10612	1766	2740	110	144	30	144	80	113	1733	27	930	0	319.1086216666957	110.1898452976205	31.130449213551508	309.455641248582	35575	2042	4437	0
baseline	65	10000	6306	10779	1692	2874	116	155	28	155	88	126	1886	30	1211	0	334.4597703435103	121.66807933164714	54.652901848370604	335.90670744840713	37642	2630	4995	0
baseline	66	10000	6094	10814	1729	3000	124	173	34	173	90	138	2053	38	1302	0	336.7108871327207	126.5386972814665	56.777989522350914	361.4969420014025	39678	2630	5104	0
baseline	67	10000	5904	10849	1748	3110	132	189	35	189	97	153	2216	42	1400	0	338.82690374488186	131.82786797507384	58.95314952444149	391.5254118351556	41651	2630	5225	0
baseline	68	10000	5671	10875	1771	3224	144	209	44	209	100	164	2414	48	1471	0	340.8034970627781	136.15452755480436	61.01571439237367	413.3904661957506	43551	2630	5337	0
baseline	69	10000	5475	10906	1771	3323	155	226	44	226	111	180	2599	50	1556	0	342.6602464068747	140.78433047789898	63.74807775817589	443.4861471771581	45391	2630	5468	0
baseline	70	10000	5584	11280	1447	3427	163	242	36	242	127	204	2806	53	2187	0	403.75989118943704	150.42023325012485	85.65127686645619	489.1664821388389	47187	3133	7011	0
baseline	71	10000	5355	11321	1461	3531	169	255	36	255	133	217	3015	55	2289	0	405.41290961994594	154.45078437107165	88.96655175008257	512.105721724343	48928	3133	7147	0
baseline	72	10000	5152	11365	1442	3622	177	271	40	271	137	228	3229	58	2402	0	406.93897509563305	159.0617401296117	92.24283907957015	531.4060067756823	50585	3133	7297	0
baseline	73	10000	4957	11398	1416	3691	176	280	33	280	143	244	3451	62	2500	0	408.37548438130347	163.46478889980443	94.98609430391497	558.8495105073117	52193	3133	7440	0
baseline	74	10000	4792	11442	1381	3762	178	296	35	296	143	256	3649	69	2613	0	409.72037153243684	167.7156154133918	97.91305056342817	578.10361745132	53745	3133	7584	0
baseline	75	10000	4719	11624	1227	3842	178	305	31	305	147	269	3876	74	2940	0	417.14428869910137	174.25926112924736	125.37324622361749	597.987372546387	55190	3514	8346	0
baseline	76	10000	4455	11637	1212	3916	174	319	33	319	141	278	4159	81	2974	0	417.14428869910137	174.64926523417336	128.81648258225098	611.4001246089539	55190	3514	8436	0
baseline	77	10000	4190	11650	1199	3988	183	341	41	341	142	290	4428	86	3019	0	417.14428869910137	175.25619382393828	132.0111049577198	630.6013648273657	55190	3514	8526	0
baseline	78	10000	3913	11660	1194	4064	190	355	48	355	142	296	4703	88	3044	0	417.14428869910137	175.54417814955585	134.98631050397756	639.9294185756883	55190	3514	8610	0
baseline	79	10000	3678	11676	1144	4123	185	366	50	366	135	303	4993	97	3081	0	417.14428869910137	175.87602130910477	137.96302197817144	650.0365195224848	55190	3514	8693	0
baseline	80	10000	3546	11773	986	4125	178	375	42	375	136	317	5290	103	3228	0	417.14428869910137	176.39043186069466	158.26375384446197	668.9356662422508	55190	3514	9233	0
baseline	81	10000	3355	11784	927	4125	172	385	36	385	136	331	5546	108	3256	0	417.14428869910137	176.95546104075777	160.21190512928408	687.1656489712518	55190	3514	9300	0
baseline	82	10000	3124	11794	835	4125	170	401	39	401	131	342	5871	113	3288	0	417.14428869910137	177.4113236094835	162.16038499673803	700.9390490618697	55190	3514	9366	0
baseline	83	10000	2920	11797	765	4125	155	410	37	410	118	350	6160	119	3299	0	417.14428869910137	177.74543560298318	163.61766678021021	711.7537563012514	55190	3514	9421	0
baseline	84	10000	2689	11801	699	4125	142	418	33	418	109	357	6470	126	3319	0	417.14428869910137	178.07311529515573	165.14963020110835	719.7370146396552	55190	3514	9479	0
baseline	85	10000	2462	11805	621	4125	147	437	41	437	106	366	6770	129	3332	0	417.14428869910137	178.40110820002675	175.68904969809685	730.782729597019	55190	3514	9859	0
baseline	86	10000	2259	11805	550	4125	142	445	44	445	98	371	7049	130	3337	0	417.14428869910137	178.5419657862199	176.62869139996494	736.6252001541599	55190	3514	9897	0
baseline	87	10000	2040	11806	479	4125	132	460	44	460	88	383	7349	135	3354	0	417.14428869910137	179.0574578643384	177.66223417330335	749.4801951710502	55190	3514	9949	0
baseline	88	10000	1823	11806	417	4125	123	469	43	469	80	391	7637	139	3362	0	417.14428869910137	179.3730937950246	178.4463830596144	758.382609551505	55190	3514	9989	0
baseline	89	10000	1614	11806	358	4125	121	478	38	478	83	403	7907	142	3371	0	417.14428869910137	179.71526110747462	179.25644944502542	769.9252106818881	55190	3514	10032	0
baseline	90	10000	1429	11806	318	4125	105	480	27	480	78	412	8148	147	3386	0	417.14428869910137	179.96652736461047	184.502115481027	779.0074744232817	55190	3514	10256	0
baseline	91	10000	1242	11806	266	4125	87	483	19	483	68	419	8405	151	3395	0	417.14428869910137	180.18544887571144	184.81867348650155	786.3527925923258	55190	3514	10276	0
baseline	92	10000	1041	11806	219	4125	81	489	17	489	64	422	8659	152	3405	0	417.14428869910137	180.29898052709484	185.35090485906215	789.1652587924217	55190	3514	10302	0
baseline	93	10000	882	11806	183	4125	66	491	13	491	53	425	8869	153	3414	0	417.14428869910137	180.37754767135795	185.65934223109534	792.13506101526	55190	3514	10318	0
baseline	94	10000	727	11806	155	4125	52	492	9	492	43	429	9066	157	3421	0	417.14428869910137	180.49293802829183	186.04247189314424	795.5442704262633	55190	3514	10340	0
baseline	95	10000	588	11806	130	4125	46	495	9	495	37	432	9236	160	3424	0	417.14428869910137	180.57841329660783	188.13994181309985	798.1824766745391	55190	3514	10444	0
baseline	96	10000	480	11806	103	4125	39	499	7	499	32	436	9378	163	3427	0	417.14428869910137	180.68957496095385	188.2786414487662	801.5545602254415	55190	3514	10455	0
baseline	97	10000	370	11806	80	4125	31	500	4	500	27	438	9519	165	3430	0	417.14428869910137	180.75093212358328	188.4349975386553	803.183646082026	55190	3514	10465	0
baseline	98	10000	282	11806	60	4125	20	500	1	500	19	439	9638	165	3430	0	417.14428869910137	180.76958952842634	188.51040558710577	803.9682606622235	55190	3514	10470	0
baseline	99	10000	215	11806	38	4125	19	502	2	502	17	439	9728	165	3430	0	417.14428869910137	180.76958952842634	188.6023527402161	803.9682606622235	55190	3514	10475	0
baseline	100	10000	0	11806	0	4125	0	502	0	502	0	439	10000	165	3430	0	417.14428869910137	180.76958952842634	189.1374851713187	803.9682606622235	55190	3514	10505	0
