description	age	n	num_state_healthy	tot_state_healthy	num_state_polyp	tot_state_polyp	num_state_cancer	tot_state_cancer	num_state_pre	tot_state_pre	num_state_clin	tot_state_clin	tot_state_dead	tot_state_dead_crc	tot_polyps_removed	tot_lesions_cured	tot_discounted_cost_routine	tot_discounted_cost_diagnostic	tot_discounted_cost_surveillance	tot_discounted_cost_treatment	tot_test0_performed	tot_test1_performed	tot_test2_performed	tot_test3_performed
baseline	1	10000	10000	10000	0	0	0	0	0	0	0	0	0	0	0	0	0.0	0.0	0.0	0.0	0	0	0	0
baseline	2	10000	10000	10000	0	0	0	0	0	0	0	0	0	0	0	0	0.0	0.0	0.0	0.0	0	0	0	0
baseline	3	10000	10000	10000	0	0	0	0	0	0	0	0	0	0	0	0	0.0	0.0	0.0	0.0	0	0	0	0
baseline	4	10000	10000	10000	0	0	0	0	0	0	0	0	0	0	0	0	0.0	0.0	0.0	0.0	0	0	0	0
baseline	5	10000	10000	10000	0	0	0	0	0	0	0	0	0	0	0	0	0.0	0.0	0.0	0.0	0	0	0	0
baseline	6	10000	10000	10000	0	0	0	0	0	0	0	0	0	0	0	0	0.0	0.0	0.0	0.0	0	0	0	0
baseline	7	10000	10000	10000	0	0	0	0	0	0	0	0	0	0	0	0	0.0	0.0	0.0	0.0	0	0	0	0
baseline	8	10000	10000	10000	0	0	0	0	0	0	0	0	0	0	0	0	0.0	0.0	0.0	0.0	0	0	0	0
baseline	9	10000	10000	10000	0	0	0	0	0	0	0	0	0	0	0	0	0.0	0.0	0.0	0.0	0	0	0	0
baseline	10	10000	10000	10000	0	0	0	0	0	0	0	0	0	0	0	0	0.0	0.0	0.0	0.0	0	0	0	0
baseline	11	10000	10000	10000	0	0	0	0	0	0	0	0	0	0	0	0	0.0	0.0	0.0	0.0	0	0	0	0
baseline	12	10000	10000	10000	0	0	0	0	0	0	0	0	0	0	0	0	0.0	0.0	0.0	0.0	0	0	0	0
baseline	13	10000	10000	10000	0	0	0	0	0	0	0	0	0	0	0	0	0.0	0.0	0.0	0.0	0	0	0	0
baseline	14	10000	10000	10000	0	0	0	0	0	0	0	0	0	0	0	0	0.0	0.0	0.0	0.0	0	0	0	0
baseline	15	10000	10000	10000	0	0	0	0	0	0	0	0	0	0	0	0	0.0	0.0	0.0	0.0	0	0	0	0
baseline	16	10000	10000	10000	0	0	0	0	0	0	0	0	0	0	0	0	0.0	0.0	0.0	0.0	0	0	0	0
baseline	17	10000	10000	10000	0	0	0	0	0	0	0	0	0	0	0	0	0.0	0.0	0.0	0.0	0	0	0	0
baseline	18	10000	10000	10000	0	0	0	0	0	0	0	0	0	0	0	0	0.0	0.0	0.0	0.0	0	0	0	0
baseline	19	10000	10000	10000	0	0	0	0	0	0	0	0	0	0	0	0	0.0	0.0	0.0	0.0	0	0	0	0
baseline	20	10000	10000	10000	0	0	0	0	0	0	0	0	0	0	0	0	0.0	0.0	0.0	0.0	0	0	0	0
baseline	21	10000	10000	10000	0	0	0	0	0	0	0	0	0	0	0	0	0.0	0.0	0.0	0.0	0	0	0	0
baseline	22	10000	10000	10000	0	0	0	0	0	0	0	0	0	0	0	0	0.0	0.0	0.0	0.0	0	0	0	0
baseline	23	10000	10000	10000	0	0	0	0	0	0	0	0	0	0	0	0	0.0	0.0	0.0	0.0	0	0	0	0
baseline	24	10000	10000	10000	0	0	0	0	0	0	0	0	0	0	0	0	0.0	0.0	0.0	0.0	0	0	0	0
baseline	25	10000	10000	10000	0	0	0	0	0	0	0	0	0	0	0	0	0.0	0.0	0.0	0.0	0	0	0	0
baseline	26	10000	10000	10000	0	0	0	0	0	0	0	0	0	0	0	0	0.0	0.0	0.0	0.0	0	0	0	0
baseline	27	10000	10000	10000	0	0	0	0	0	0	0	0	0	0	0	0	0.0	0.0	0.0	0.0	0	0	0	0
baseline	28	10000	10000	10000	0	0	0	0	0	0	0	0	0	0	0	0	0.0	0.0	0.0	0.0	0	0	0	0
baseline	29	10000	10000	10000	0	0	0	0	0	0	0	0	0	0	0	0	0.0	0.0	0.0	0.0	0	0	0	0
baseline	30	10000	10000	10000	0	0	0	0	0	0	0	0	0	0	0	0	0.0	0.0	0.0	0.0	0	0	0	0
baseline	31	10000	10000	10000	0	0	0	0	0	0	0	0	0	0	0	0	0.0	0.0	0.0	0.0	0	0	0	0
baseline	32	10000	10000	10000	0	0	0	0	0	0	0	0	0	0	0	0	0.0	0.0	0.0	0.0	0	0	0	0
baseline	33	10000	10000	10000	0	0	0	0	0	0	0	0	0	0	0	0	0.0	0.0	0.0	0.0	0	0	0	0
baseline	34	10000	10000	10000	0	0	0	0	0	0	0	0	0	0	0	0	0.0	0.0	0.0	0.0	0	0	0	0
baseline	35	10000	10000	10000	0	0	0	0	0	0	0	0	0	0	0	0	0.0	0.0	0.0	0.0	0	0	0	0
baseline	36	10000	10000	10000	0	0	0	0	0	0	0	0	0	0	0	0	0.0	0.0	0.0	0.0	0	0	0	0
baseline	37	10000	10000	10000	0	0	0	0	0	0	0	0	0	0	0	0	0.0	0.0	0.0	0.0	0	0	0	0
baseline	38	10000	10000	10000	0	0	0	0	0	0	0	0	0	0	0	0	0.0	0.0	0.0	0.0	0	0	0	0
baseline	39	10000	10000	10000	0	0	0	0	0	0	0	0	0	0	0	0	0.0	0.0	0.0	0.0	0	0	0	0
baseline	40	10000	9934	10000	66	66	0	0	0	0	0	0	0	0	0	0	0.0	0.0	0.0	0.0	0	0	0	0
baseline	41	10000	9854	10000	146	146	0	0	0	0	0	0	0	0	0	0	0.0	0.0	0.0	0.0	0	0	0	0
baseline	42	10000	9768	10000	232	232	0	0	0	0	0	0	0	0	0	0	0.0	0.0	0.0	0.0	0	0	0	0
baseline	43	10000	9644	10000	318	320	1	1	1	1	0	0	37	0	0	0	0.0	0.0	0.0	0.0	0	0	0	0
baseline	44	10000	9541	10000	390	393	2	2	2	2	0	0	67	0	0	0	0.0	0.0	0.0	0.0	0	0	0	0
baseline	45	10000	9437	10000	462	466	3	3	3	3	0	0	98	0	0	0	0.0	0.0	0.0	0.0	0	0	0	0
baseline	46	10000	9328	10000	527	540	10	10	10	10	0	0	135	0	0	0	0.0	0.0	0.0	0.0	0	0	0	0
baseline	47	10000	9217	10000	595	610	11	11	8	11	3	3	177	0	0	0	0.0	0.2454	0.0	10.32	0	0	3	0
baseline	48	10000	9129	10000	651	671	14	14	8	14	6	6	206	0	5	0	0.0	0.5993	0.0	21.36	0	0	6	0
baseline	49	10000	9009	10000	719	744	19	19	10	19	9	9	253	0	6	0	0.0	0.8892	0.0	33.12	0	0	9	0
baseline	50	10000	9008	10190	664	886	22	22	5	22	17	17	306	0	225	0	228.262	17.9419	0.0	59.3639	3787	1028	2202	0
baseline	51	10000	8823	10199	794	1031	23	25	6	25	17	19	360	1	235	0	234.69775599998962	27.222100922975073	0.0	65.80726036156445	7473	1028	2314	0
baseline	52	10000	8648	10210	901	1162	29	32	11	32	18	21	422	1	253	0	240.8168050600029	36.21912040668325	0.2677273036705733	72.01582717121943	11086	1028	2427	0
baseline	53	10000	8460	10218	1019	1294	31	34	8	34	23	26	490	1	265	0	246.46971908740616	44.43447110154885	0.5265146406753994	87.00776966520849	14527	1028	2535	0
baseline	54	10000	8279	10227	1131	1426	36	39	9	39	27	30	554	1	282	0	251.92436220693966	51.48556778619299	0.7797101080515483	99.46170186121462	17950	1028	2629	0
baseline	55	10000	8190	10315	1147	1545	39	43	9	43	30	34	624	2	406	0	286.6242584642301	66.98358552092533	15.40274833808658	110.69427579682241	21204	2018	3002	0
baseline	56	10000	8050	10335	1218	1651	44	49	10	49	34	39	688	2	438	0	291.57211217350664	75.12166716665733	16.194169572304162	125.84173931264186	24504	2018	3119	0
baseline	57	10000	7885	10353	1299	1764	45	53	11	53	34	42	771	4	469	0	296.2668156948184	82.5768120856073	17.20371886454109	133.4252145408333	27732	2018	3234	0
baseline	58	10000	7710	10370	1386	1885	47	56	10	56	37	46	857	5	496	0	300.7515519461923	89.7721280990811	18.045636269165936	144.52139681616242	30911	2018	3348	0
baseline	59	10000	7545	10389	1432	1985	61	72	21	72	40	51	962	7	545	0	305.04837788970696	98.10989325934352	19.02679480220381	157.41021658328216	34051	2018	3481	0
baseline	60	10000	7612	10744	1257	2180	65	76	15	76	50	61	1066	7	1028	0	450.2357584013591	112.85979644382986	36.98271680961256	181.91930327715966	37165	2934	5694	0
baseline	61	10000	7353	10763	1403	2360	71	83	20	83	51	63	1173	8	1063	0	454.1395873388541	119.07776848059406	39.205114328554174	187.22519449484614	40197	2934	5823	0
baseline	62	10000	7108	10789	1523	2540	77	92	18	92	59	74	1292	9	1121	0	457.9200568269725	127.14399219454145	41.272833948556695	213.2069536464917	43224	2934	5979	0
baseline	63	10000	6869	10820	1609	2701	91	108	23	108	68	84	1431	9	1190	0	461.50836806090007	134.42479182810382	42.921500130280954	235.25148826118195	46186	2934	6116	0
baseline	64	10000	6640	10850	1683	2839	97	119	23	119	74	94	1580	12	1264	0	464.8773949543628	140.89510350772642	45.192504061085	257.3876905748744	49053	2934	6253	0
baseline	65	10000	6578	11078	1555	2987	106	135	30	135	76	103	1761	18	1624	0	485.9250180281694	156.7709345162937	78.01476115303316	276.11196908601534	51852	3742	6988	0
baseline	66	10000	6364	11112	1600	3116	113	146	28	146	85	116	1923	22	1691	0	489.0020602798259	161.96573555078808	80.46260524243533	303.6681395644031	54635	3742	7115	0
baseline	67	10000	6159	11154	1630	3239	117	154	25	154	92	126	2094	23	1785	0	491.9310219462252	167.63121553053924	83.80260556759669	323.4404526817964	57366	3742	7267	0
baseline	68	10000	5923	11189	1652	3354	124	170	33	170	91	132	2301	28	1870	0	494.6587207249241	173.86289255613488	86.87773921212839	336.49514092562714	59988	3742	7435	0
baseline	69	10000	5698	11234	1662	3468	125	182	33	182	92	142	2515	33	1967	0	497.2107419701521	181.08234027579465	89.96031348716132	355.58009635723215	62517	3742	7593	0
baseline	70	10000	5856	11679	1266	3567	131	189	19	189	112	163	2747	34	2727	0	586.622441043412	192.55001314980615	118.56064841310906	393.392199500898	64939	4400	9692	0
baseline	71	10000	5602	11712	1296	3680	132	197	19	197	113	171	2970	37	2800	0	588.8119071552737	197.19561782367362	122.08926006699323	407.7653973669601	67245	4400	9855	0
baseline	72	10000	5359	11747	1304	3785	126	201	18	201	108	176	3211	43	2885	0	590.8601688438224	201.35018431779744	126.08997452854524	418.2426586681919	69469	4400	10021	0
baseline	73	10000	5136	11806	1276	3878	123	208	21	208	102	179	3465	48	2980	0	592.7442472539499	206.136004898163	129.4426856786888	423.56887844962347	71578	4400	10182	0
baseline	74	10000	4939	11859	1244	3957	128	215	18	215	110	189	3689	48	3087	0	594.47648270183	210.7600492686991	133.2650134963291	439.82257597167717	73577	4400	10357	0
baseline	75	10000	4840	12061	1064	4042	131	227	20	227	111	198	3965	50	3430	0	604.9131338769123	218.74060338055594	167.15423421769088	453.78489443763493	75504	4941	11255	0
baseline	76	10000	4528	12080	1071	4126	128	235	22	235	106	203	4273	52	3465	0	604.9131338769123	218.9423841008985	170.75825785229	461.42870210988326	75504	4941	11343	0
baseline	77	10000	4226	12093	1071	4205	130	249	25	249	105	211	4573	55	3497	0	604.9131338769123	219.36916120931218	173.92538926254673	473.18287825623435	75504	4941	11430	0
baseline	78	10000	3942	12108	1047	4274	128	258	25	258	103	217	4883	58	3519	0	604.9131338769123	219.57688656216595	177.23288846640673	481.13014471576224	75504	4941	11520	0
baseline	79	10000	3619	12121	1020	4347	128	266	27	266	101	223	5233	62	3560	0	604.9131338769123	219.91443259029924	180.9579905662271	489.54365064109714	75504	4941	11625	0
baseline	80	10000	3502	12231	841	4347	129	279	30	279	99	231	5528	64	3731	0	604.9131338769123	220.29315594373605	203.26878479319387	500.2454626274207	75504	4941	12243	0
baseline	81	10000	3241	12244	750	4347	125	285	30	285	95	236	5884	67	3754	0	604.9131338769123	220.50732484074607	206.52033959571872	506.95667904853383	75504	4941	12313	0
baseline	82	10000	2992	12253	678	4347	116	295	30	295	86	244	6214	69	3775	0	604.9131338769123	220.826123155721	208.46612106443627	516.4617779010102	75504	4941	12378	0
baseline	83	10000	2731	12259	608	4347	113	307	32	307	81	251	6548	72	3788	0	604.9131338769123	221.1041146861641	210.29867170712762	524.8472127627525	75504	4941	12443	0
baseline	84	10000	2478	12262	528	4347	101	313	22	313	79	263	6893	76	3803	0	604.9131338769123	221.4965780147448	212.14510256475592	539.9232978942334	75504	4941	12515	0
baseline	85	10000	2220	12269	461	4347	93	318	20	318	73	269	7226	80	3814	0	604.9131338769123	221.66714246369403	224.4157558983966	547.2322377611727	75504	4941	12922	0
baseline	86	10000	1968	12269	396	4347	76	326	21	326	55	273	7560	82	3815	0	604.9131338769123	221.7895308453311	225.47976563780233	551.7599537805122	75504	4941	12965	0
baseline	87	10000	1722	12269	337	4347	75	331	18	331	57	279	7866	84	3821	0	604.9131338769123	221.99109612172236	226.23652738095547	558.4812942821909	75504	4941	12999	0
baseline	88	10000	1490	12269	296	4347	67	337	16	337	51	284	8147	86	3826	0	604.9131338769123	222.14890270588296	227.25169331222946	563.5227178910787	75504	4941	13043	0
baseline	89	10000	1254	12269	239	4347	58	342	16	342	42	287	8449	88	3828	0	604.9131338769123	222.26154771076864	228.08680267220228	566.4975879307111	75504	4941	13080	0
baseline	90	10000	1041	12269	194	4347	50	345	14	345	36	289	8715	89	3828	0	604.9131338769123	222.30882629120214	232.70611005674013	568.3421206066791	75504	4941	13273	0
baseline	91	10000	844	12269	154	4347	46	350	15	350	31	292	8956	89	3830	0	604.9131338769123	222.40318892469057	233.15110362634798	571.2590218163343	75504	4941	13295	0
baseline	92	10000	668	12269	124	4347	40	353	10	353	30	298	9168	90	3836	0	604.9131338769123	222.5656547885966	233.48300675701583	576.9401626808076	75504	4941	13315	0
baseline	93	10000	540	12269	101	4347	30	356	8	356	22	299	9329	91	3839	0	604.9131338769123	222.63456736087826	233.72585253772144	577.8502925012773	75504	4941	13328	0
baseline	94	10000	408	12269	78	4347	23	357	6	357	17	300	9491	91	3840	0	604.9131338769123	222.67677619571924	233.90834073135335	578.6847372032014	75504	4941	13338	0
baseline	95	10000	295	12269	56	4347	20	359	4	359	16	304	9629	92	3846	0	604.9131338769123	222.76590458786254	235.4352995233936	582.1525359584365	75504	4941	13414	0
baseline	96	10000	218	12269	35	4347	17	359	2	359	15	304	9730	92	3846	0	604.9131338769123	222.76590458786254	235.53521190270828	582.1525359584365	75504	4941	13419	0
baseline	97	10000	156	12269	25	4347	13	359	1	359	12	304	9806	93	3846	0	604.9131338769123	222.76590458786254	235.5740386403873	582.1525359584365	75504	4941	13421	0
baseline	98	10000	115	12269	17	4347	8	359	0	359	8	304	9860	93	3846	0	604.9131338769123	222.76590458786254	235.6119549921854	582.1525359584365	75504	4941	13423	0
baseline	99	10000	76	12269	8	4347	5	359	0	359	5	304	9911	93	3846	0	604.9131338769123	222.76590458786254	235.6303444228075	582.1525359584365	75504	4941	13424	0
baseline	100	10000	0	12269	0	4347	0	359	0	359	0	304	10000	93	3846	0	604.9131338769123	222.76590458786254	235.82655964754514	582.1525359584365	75504	4941	13435	0
