description	age	n	num_state_healthy	tot_state_healthy	num_state_polyp	tot_state_polyp	num_state_cancer	tot_state_cancer	num_state_pre	tot_state_pre	num_state_clin	tot_state_clin	tot_state_dead	tot_state_dead_crc	tot_polyps_removed	tot_lesions_cured	tot_discounted_cost_routine	tot_discounted_cost_diagnostic	tot_discounted_cost_surveillance	tot_discounted_cost_treatment	tot_test0_performed	tot_test1_performed	tot_test2_performed	tot_test3_performed
baseline	1	10000	10000	10000	0	0	0	0	0	0	0	0	0	0	0	0	0.0	0.0	0.0	0.0	0	0	0	0
baseline	2	10000	10000	10000	0	0	0	0	0	0	0	0	0	0	0	0	0.0	0.0	0.0	0.0	0	0	0	0
baseline	3	10000	10000	10000	0	0	0	0	0	0	0	0	0	0	0	0	0.0	0.0	0.0	0.0	0	0	0	0
baseline	4	10000	10000	10000	0	0	0	0	0	0	0	0	0	0	0	0	0.0	0.0	0.0	0.0	0	0	0	0
baseline	5	10000	10000	10000	0	0	0	0	0	0	0	0	0	0	0	0	0.0	0.0	0.0	0.0	0	0	0	0
baseline	6	10000	10000	10000	0	0	0	0	0	0	0	0	0	0	0	0	0.0	0.0	0.0	0.0	0	0	0	0
baseline	7	10000	10000	10000	0	0	0	0	0	0	0	0	0	0	0	0	0.0	0.0	0.0	0.0	0	0	0	0
baseline	8	10000	10000	10000	0	0	0	0	0	0	0	0	0	0	0	0	0.0	0.0	0.0	0.0	0	0	0	0
baseline	9	10000	10000	10000	0	0	0	0	0	0	0	0	0	0	0	0	0.0	0.0	0.0	0.0	0	0	0	0
baseline	10	10000	10000	10000	0	0	0	0	0	0	0	0	0	0	0	0	0.0	0.0	0.0	0.0	0	0	0	0
baseline	11	10000	10000	10000	0	0	0	0	0	0	0	0	0	0	0	0	0.0	0.0	0.0	0.0	0	0	0	0
baseline	12	10000	10000	10000	0	0	0	0	0	0	0	0	0	0	0	0	0.0	0.0	0.0	0.0	0	0	0	0
baseline	13	10000	10000	10000	0	0	0	0	0	0	0	0	0	0	0	0	0.0	0.0	0.0	0.0	0	0	0	0
baseline	14	10000	10000	10000	0	0	0	0	0	0	0	0	0	0	0	0	0.0	0.0	0.0	0.0	0	0	0	0
baseline	15	10000	10000	10000	0	0	0	0	0	0	0	0	0	0	0	0	0.0	0.0	0.0	0.0	0	0	0	0
baseline	16	10000	10000	10000	0	0	0	0	0	0	0	0	0	0	0	0	0.0	0.0	0.0	0.0	0	0	0	0
baseline	17	10000	10000	10000	0	0	0	0	0	0	0	0	0	0	0	0	0.0	0.0	0.0	0.0	0	0	0	0
baseline	18	10000	10000	10000	0	0	0	0	0	0	0	0	0	0	0	0	0.0	0.0	0.0	0.0	0	0	0	0
baseline	19	10000	10000	10000	0	0	0	0	0	0	0	0	0	0	0	0	0.0	0.0	0.0	0.0	0	0	0	0
baseline	20	10000	10000	10000	0	0	0	0	0	0	0	0	0	0	0	0	0.0	0.0	0.0	0.0	0	0	0	0
baseline	21	10000	10000	10000	0	0	0	0	0	0	0	0	0	0	0	0	0.0	0.0	0.0	0.0	0	0	0	0
baseline	22	10000	10000	10000	0	0	0	0	0	0	0	0	0	0	0	0	0.0	0.0	0.0	0.0	0	0	0	0
baseline	23	10000	10000	10000	0	0	0	0	0	0	0	0	0	0	0	0	0.0	0.0	0.0	0.0	0	0	0	0
baseline	24	10000	10000	10000	0	0	0	0	0	0	0	0	0	0	0	0	0.0	0.0	0.0	0.0	0	0	0	0
baseline	25	10000	10000	10000	0	0	0	0	0	0	0	0	0	0	0	0	0.0	0.0	0.0	0.0	0	0	0	0
baseline	26	10000	10000	10000	0	0	0	0	0	0	0	0	0	0	0	0	0.0	0.0	0.0	0.0	0	0	0	0
baseline	27	10000	10000	10000	0	0	0	0	0	0	0	0	0	0	0	0	0.0	0.0	0.0	0.0	0	0	0	0
baseline	28	10000	10000	10000	0	0	0	0	0	0	0	0	0	0	0	0	0.0	0.0	0.0	0.0	0	0	0	0
baseline	29	10000	10000	10000	0	0	0	0	0	0	0	0	0	0	0	0	0.0	0.0	0.0	0.0	0	0	0	0
baseline	30	10000	10000	10000	0	0	0	0	0	0	0	0	0	0	0	0	0.0	0.0	0.0	0.0	0	0	0	0
baseline	31	10000	10000	10000	0	0	0	0	0	0	0	0	0	0	0	0	0.0	0.0	0.0	0.0	0	0	0	0
baseline	32	10000	10000	10000	0	0	0	0	0	0	0	0	0	0	0	0	0.0	0.0	0.0	0.0	0	0	0	0
baseline	33	10000	10000	10000	0	0	0	0	0	0	0	0	0	0	0	0	0.0	0.0	0.0	0.0	0	0	0	0
baseline	34	10000	10000	10000	0	0	0	0	0	0	0	0	0	0	0	0	0.0	0.0	0.0	0.0	0	0	0	0
baseline	35	10000	10000	10000	0	0	0	0	0	0	0	0	0	0	0	0	0.0	0.0	0.0	0.0	0	0	0	0
baseline	36	10000	10000	10000	0	0	0	0	0	0	0	0	0	0	0	0	0.0	0.0	0.0	0.0	0	0	0	0
baseline	37	10000	10000	10000	0	0	0	0	0	0	0	0	0	0	0	0	0.0	0.0	0.0	0.0	0	0	0	0
baseline	38	10000	10000	10000	0	0	0	0	0	0	0	0	0	0	0	0	0.0	0.0	0.0	0.0	0	0	0	0
baseline	39	10000	10000	10000	0	0	0	0	0	0	0	0	0	0	0	0	0.0	0.0	0.0	0.0	0	0	0	0
baseline	40	10000	9934	10000	66	66	0	0	0	0	0	0	0	0	0	0	0.0	0.0	0.0	0.0	0	0	0	0
baseline	41	10000	9854	10000	146	146	0	0	0	0	0	0	0	0	0	0	0.0	0.0	0.0	0.0	0	0	0	0
baseline	42	10000	9768	10000	232	232	0	0	0	0	0	0	0	0	0	0	0.0	0.0	0.0	0.0	0	0	0	0
baseline	43	10000	9644	10000	318	320	1	1	1	1	0	0	37	0	0	0	0.0	0.0	0.0	0.0	0	0	0	0
baseline	44	10000	9541	10000	390	393	2	2	2	2	0	0	67	0	0	0	0.0	0.0	0.0	0.0	0	0	0	0
baseline	45	10000	9437	10000	462	466	3	3	3	3	0	0	98	0	0	0	0.0	0.0	0.0	0.0	0	0	0	0
baseline	46	10000	9328	10000	527	540	10	10	10	10	0	0	135	0	0	0	0.0	0.0	0.0	0.0	0	0	0	0
baseline	47	10000	9217	10000	595	610	11	11	8	11	3	3	177	0	0	0	0.0	0.2454	0.0	10.32	0	0	3	0
baseline	48	10000	9129	10000	651	671	14	14	8	14	6	6	206	0	5	0	0.0	0.5993	0.0	21.36	0	0	6	0
baseline	49	10000	9009	10000	719	744	19	19	10	19	9	9	253	0	6	0	0.0	0.8892	0.0	33.12	0	0	9	0
baseline	50	10000	9076	10262	599	890	19	19	4	19	15	15	306	0	304	0	298.1129	24.5364	0.0	52.8485	5143	1393	2969	0
baseline	51	10000	8888	10273	730	1040	22	24	7	24	15	17	360	1	320	0	306.82718599998503	37.774960000000064	0.0	59.168438	10134	1393	3129	0
baseline	52	10000	8708	10282	845	1173	24	28	6	28	18	21	423	2	337	0	314.9311576999866	49.30249044000028	0.2677273036705733	71.60064379	14919	1393	3274	0
baseline	53	10000	8519	10294	962	1310	28	32	9	32	19	22	491	2	352	0	322.55051697322295	59.62098164995458	0.48660448371965487	74.53836173899958	19557	1393	3408	0
baseline	54	10000	8342	10307	1071	1445	32	36	10	36	22	25	555	2	370	0	329.61621594839414	69.85909916781425	0.7397999510958037	83.47477706034853	23991	1393	3545	0
baseline	55	10000	8287	10436	1051	1571	37	42	13	42	24	28	625	3	534	0	375.2260703819865	93.45373193578803	23.40290724355229	91.94314135145225	28312	2692	4037	0
baseline	56	10000	8146	10458	1122	1678	43	48	13	48	30	34	689	3	572	0	381.68676784662887	103.18221311747395	24.36823850006451	109.25844965500293	32621	2692	4178	0
baseline	57	10000	7984	10480	1197	1788	47	55	12	55	35	42	772	5	609	0	387.8940152533326	113.31911622758943	25.63912078897053	130.72352960700985	36889	2692	4333	0
baseline	58	10000	7802	10498	1284	1916	56	66	15	66	41	50	858	6	643	0	393.8642586682277	122.78483269320142	26.511758984058233	152.53258862533755	41121	2692	4481	0
baseline	59	10000	7632	10516	1339	2021	67	78	19	78	48	58	962	7	683	0	399.5568688353842	131.8942500254549	27.61197049182664	172.91684572032634	45281	2692	4630	0
baseline	60	10000	7736	10926	1126	2231	70	83	11	83	59	71	1068	8	1219	0	588.8570343603152	147.20257050635425	49.773015282050714	205.52545018082165	49375	3865	7490	0
baseline	61	10000	7480	10967	1269	2429	75	90	13	90	62	76	1176	10	1296	0	594.0625687911772	157.82512764408833	52.46903227729034	217.51931620786485	53418	3865	7687	0
baseline	62	10000	7222	10989	1403	2613	81	97	14	97	67	82	1294	10	1338	0	599.0020325591007	166.23150003425044	55.048653203173494	231.39424936634083	57373	3865	7863	0
baseline	63	10000	6991	11023	1494	2769	80	99	7	99	73	91	1435	12	1406	0	603.6806476790872	175.23091751201702	57.322512613759784	251.4110017554726	61235	3865	8042	0
baseline	64	10000	6751	11057	1578	2921	88	108	11	108	77	96	1583	13	1486	0	608.0825921307462	184.46762387244829	59.65172936905579	262.6476587539278	64981	3865	8203	0
baseline	65	10000	6726	11333	1422	3082	91	115	12	115	79	102	1761	16	1896	0	635.6850615884077	200.10531437318235	98.70178421337421	274.98436705282165	68664	4924	9079	0
baseline	66	10000	6512	11392	1472	3232	96	123	15	123	81	107	1920	18	2008	0	639.6388895050086	208.0367285660663	104.68870908503101	285.4682325920037	72240	4924	9283	0
baseline	67	10000	6285	11428	1521	3364	103	132	13	132	90	117	2091	18	2088	0	643.3711438437452	215.46729910803373	107.8554516543496	307.59378225746303	75720	4924	9471	0
baseline	68	10000	6051	11479	1548	3490	108	142	17	142	91	123	2293	20	2193	0	646.8634721427819	221.79117167662153	111.59660692310138	319.3270884368112	79077	4924	9644	0
baseline	69	10000	5803	11512	1580	3607	111	152	18	152	93	131	2506	24	2270	0	650.165256845994	228.5326395027873	115.98111649773277	334.29830693613064	82349	4924	9829	0
baseline	70	10000	5995	12021	1143	3724	119	166	21	166	98	142	2743	28	3068	0	756.6612340321144	239.73609340154076	152.10481807119757	355.1385722489202	85494	5781	12430	0
baseline	71	10000	5740	12070	1177	3847	114	173	15	173	99	155	2969	34	3168	0	759.5191234495949	246.40449427874609	157.83333887099332	379.51651388592165	88504	5781	12649	0
baseline	72	10000	5506	12120	1174	3949	115	181	14	181	101	164	3205	36	3284	0	762.1420772665847	251.9736469568246	161.5625879579686	395.1761013988293	91352	5781	12831	0
baseline	73	10000	5265	12170	1167	4045	112	188	12	188	100	173	3456	42	3387	0	764.6014740722115	257.97393258669126	166.86522495008106	410.67721336042155	94105	5781	13039	0
baseline	74	10000	5043	12218	1158	4134	114	196	13	196	101	180	3685	47	3490	0	766.847574262764	264.211090303936	170.14613302563407	422.12738250382665	96697	5781	13214	0
baseline	75	10000	4960	12461	967	4229	113	201	9	201	104	187	3960	48	3835	0	779.9967414082539	272.12012819335956	208.2128934747774	433.59784563322563	99156	6461	14262	0
baseline	76	10000	4643	12482	975	4316	116	211	17	211	99	189	4266	49	3873	0	779.9967414082539	272.1766753903709	212.95446461862954	437.3447024671715	99156	6461	14376	0
baseline	77	10000	4344	12500	976	4385	110	218	20	218	90	192	4570	54	3909	0	779.9967414082539	272.32876679085444	216.45876378257606	441.73734603691986	99156	6461	14463	0
baseline	78	10000	4048	12521	967	4461	104	223	16	223	88	199	4881	58	3944	0	779.9967414082539	272.6091445661347	220.22056630236452	451.8874528561094	99156	6461	14562	0
baseline	79	10000	3725	12538	947	4531	96	229	17	229	79	202	5232	62	3972	0	779.9967414082539	272.6961468694663	223.27437905357704	456.2823290255504	99156	6461	14643	0
baseline	80	10000	3599	12649	777	4531	96	236	20	236	76	205	5528	65	4127	0	779.9967414082539	272.7873835793627	249.0390078962794	460.70847482250116	99156	6461	15359	0
baseline	81	10000	3330	12661	696	4531	93	242	20	242	73	209	5881	66	4149	0	779.9967414082539	272.931587129936	251.64880921719237	466.1653405005761	99156	6461	15436	0
baseline	82	10000	3068	12668	627	4531	93	248	20	248	73	215	6212	67	4168	0	779.9967414082539	273.1562704538489	253.74507013420225	473.2500375424915	99156	6461	15503	0
baseline	83	10000	2793	12675	571	4531	89	255	22	255	67	219	6547	71	4183	0	779.9967414082539	273.30523085362825	255.61867146337394	478.01208224406486	99156	6461	15564	0
baseline	84	10000	2529	12682	499	4531	81	261	24	261	57	220	6891	73	4190	0	779.9967414082539	273.33358967519666	257.29663036077034	479.4542912627047	99156	6461	15619	0
baseline	85	10000	2269	12694	429	4531	78	266	21	266	57	227	7224	75	4207	0	779.9967414082539	273.5595327500439	270.3579874189282	487.98181230301225	99156	6461	16083	0
baseline	86	10000	2019	12696	363	4531	64	268	15	268	49	231	7554	76	4212	0	779.9967414082539	273.6984652104818	271.4806543904905	492.5272751090531	99156	6461	16127	0
baseline	87	10000	1762	12697	320	4531	57	271	12	271	45	235	7861	77	4214	0	779.9967414082539	273.80261827233534	272.3184562335239	497.15261692899696	99156	6461	16162	0
baseline	88	10000	1525	12697	285	4531	51	274	9	274	42	239	8139	78	4219	0	779.9967414082539	273.9482044507303	273.14042024740746	501.54623116520503	99156	6461	16198	0
baseline	89	10000	1280	12697	232	4531	48	278	8	278	40	243	8440	78	4220	0	779.9967414082539	274.060936322738	273.8132728286244	506.37436016540283	99156	6461	16229	0
baseline	90	10000	1061	12697	199	4531	34	279	6	279	28	244	8706	81	4220	0	779.9967414082539	274.0848898163586	279.13433125640375	507.3816953494529	99156	6461	16450	0
baseline	91	10000	861	12697	154	4531	33	285	9	285	24	246	8952	81	4222	0	779.9967414082539	274.15616023459813	279.55631874101573	509.47224986672273	99156	6461	16470	0
baseline	92	10000	687	12697	119	4531	29	291	10	291	19	250	9165	81	4224	0	779.9967414082539	274.2934424826599	279.8294348955112	513.0286050719409	99156	6461	16487	0
baseline	93	10000	555	12697	94	4531	25	296	9	296	16	253	9326	82	4226	0	779.9967414082539	274.3823115546911	279.9839731195966	515.6362563226302	99156	6461	16497	0
baseline	94	10000	419	12697	70	4531	19	298	7	298	12	256	9492	83	4228	0	779.9967414082539	274.43546855920556	280.29495722385377	518.4680454401096	99156	6461	16513	0
baseline	95	10000	311	12697	45	4531	12	299	5	299	7	257	9632	84	4229	0	779.9967414082539	274.46728049601586	281.9982731143449	519.3344988259163	99156	6461	16596	0
baseline	96	10000	231	12697	26	4531	9	300	2	300	7	258	9734	84	4231	0	779.9967414082539	274.49932367061905	282.0184220950007	520.3382609219207	99156	6461	16598	0
baseline	97	10000	163	12697	20	4531	8	300	2	300	6	258	9809	84	4231	0	779.9967414082539	274.49932367061905	282.0770437414045	520.3382609219207	99156	6461	16601	0
baseline	98	10000	123	12697	10	4531	4	300	0	300	4	259	9863	84	4231	0	779.9967414082539	274.5178573316666	282.11457181484155	521.1176716065618	99156	6461	16604	0
baseline	99	10000	82	12697	3	4531	3	300	0	300	3	259	9912	84	4231	0	779.9967414082539	274.5178573316666	282.18812953732987	521.1176716065618	99156	6461	16608	0
baseline	100	10000	0	12697	0	4531	0	300	0	300	0	259	10000	84	4231	0	779.9967414082539	274.5178573316666	282.4378580051777	521.1176716065618	99156	6461	16622	0
