description	age	n	num_state_healthy	tot_state_healthy	num_state_polyp	tot_state_polyp	num_state_cancer	tot_state_cancer	num_state_pre	tot_state_pre	num_state_clin	tot_state_clin	tot_state_dead	tot_state_dead_crc	tot_polyps_removed	tot_lesions_cured	tot_discounted_cost_routine	tot_discounted_cost_diagnostic	tot_discounted_cost_surveillance	tot_discounted_cost_treatment	tot_test0_performed	tot_test1_performed	tot_test2_performed	tot_test3_performed
baseline	1	10000	10000	10000	0	0	0	0	0	0	0	0	0	0	0	0	0.0	0.0	0.0	0.0	0	0	0	0
baseline	2	10000	10000	10000	0	0	0	0	0	0	0	0	0	0	0	0	0.0	0.0	0.0	0.0	0	0	0	0
baseline	3	10000	10000	10000	0	0	0	0	0	0	0	0	0	0	0	0	0.0	0.0	0.0	0.0	0	0	0	0
baseline	4	10000	10000	10000	0	0	0	0	0	0	0	0	0	0	0	0	0.0	0.0	0.0	0.0	0	0	0	0
baseline	5	10000	10000	10000	0	0	0	0	0	0	0	0	0	0	0	0	0.0	0.0	0.0	0.0	0	0	0	0
baseline	6	10000	10000	10000	0	0	0	0	0	0	0	0	0	0	0	0	0.0	0.0	0.0	0.0	0	0	0	0
baseline	7	10000	10000	10000	0	0	0	0	0	0	0	0	0	0	0	0	0.0	0.0	0.0	0.0	0	0	0	0
baseline	8	10000	10000	10000	0	0	0	0	0	0	0	0	0	0	0	0	0.0	0.0	0.0	0.0	0	0	0	0
baseline	9	10000	10000	10000	0	0	0	0	0	0	0	0	0	0	0	0	0.0	0.0	0.0	0.0	0	0	0	0
baseline	10	10000	10000	10000	0	0	0	0	0	0	0	0	0	0	0	0	0.0	0.0	0.0	0.0	0	0	0	0
baseline	11	10000	10000	10000	0	0	0	0	0	0	0	0	0	0	0	0	0.0	0.0	0.0	0.0	0	0	0	0
baseline	12	10000	10000	10000	0	0	0	0	0	0	0	0	0	0	0	0	0.0	0.0	0.0	0.0	0	0	0	0
baseline	13	10000	10000	10000	0	0	0	0	0	0	0	0	0	0	0	0	0.0	0.0	0.0	0.0	0	0	0	0
baseline	14	10000	10000	10000	0	0	0	0	0	0	0	0	0	0	0	0	0.0	0.0	0.0	0.0	0	0	0	0
baseline	15	10000	10000	10000	0	0	0	0	0	0	0	0	0	0	0	0	0.0	0.0	0.0	0.0	0	0	0	0
baseline	16	10000	10000	10000	0	0	0	0	0	0	0	0	0	0	0	0	0.0	0.0	0.0	0.0	0	0	0	0
baseline	17	10000	10000	10000	0	0	0	0	0	0	0	0	0	0	0	0	0.0	0.0	0.0	0.0	0	0	0	0
baseline	18	10000	10000	10000	0	0	0	0	0	0	0	0	0	0	0	0	0.0	0.0	0.0	0.0	0	0	0	0
baseline	19	10000	10000	10000	0	0	0	0	0	0	0	0	0	0	0	0	0.0	0.0	0.0	0.0	0	0	0	0
baseline	20	10000	10000	10000	0	0	0	0	0	0	0	0	0	0	0	0	0.0	0.0	0.0	0.0	0	0	0	0
baseline	21	10000	10000	10000	0	0	0	0	0	0	0	0	0	0	0	0	0.0	0.0	0.0	0.0	0	0	0	0
baseline	22	10000	10000	10000	0	0	0	0	0	0	0	0	0	0	0	0	0.0	0.0	0.0	0.0	0	0	0	0
baseline	23	10000	10000	10000	0	0	0	0	0	0	0	0	0	0	0	0	0.0	0.0	0.0	0.0	0	0	0	0
baseline	24	10000	10000	10000	0	0	0	0	0	0	0	0	0	0	0	0	0.0	0.0	0.0	0.0	0	0	0	0
baseline	25	10000	10000	10000	0	0	0	0	0	0	0	0	0	0	0	0	0.0	0.0	0.0	0.0	0	0	0	0
baseline	26	10000	10000	10000	0	0	0	0	0	0	0	0	0	0	0	0	0.0	0.0	0.0	0.0	0	0	0	0
baseline	27	10000	10000	10000	0	0	0	0	0	0	0	0	0	0	0	0	0.0	0.0	0.0	0.0	0	0	0	0
baseline	28	10000	10000	10000	0	0	0	0	0	0	0	0	0	0	0	0	0.0	0.0	0.0	0.0	0	0	0	0
baseline	29	10000	10000	10000	0	0	0	0	0	0	0	0	0	0	0	0	0.0	0.0	0.0	0.0	0	0	0	0
baseline	30	10000	10000	10000	0	0	0	0	0	0	0	0	0	0	0	0	0.0	0.0	0.0	0.0	0	0	0	0
baseline	31	10000	10000	10000	0	0	0	0	0	0	0	0	0	0	0	0	0.0	0.0	0.0	0.0	0	0	0	0
baseline	32	10000	10000	10000	0	0	0	0	0	0	0	0	0	0	0	0	0.0	0.0	0.0	0.0	0	0	0	0
baseline	33	10000	10000	10000	0	0	0	0	0	0	0	0	0	0	0	0	0.0	0.0	0.0	0.0	0	0	0	0
baseline	34	10000	10000	10000	0	0	0	0	0	0	0	0	0	0	0	0	0.0	0.0	0.0	0.0	0	0	0	0
baseline	35	10000	10000	10000	0	0	0	0	0	0	0	0	0	0	0	0	0.0	0.0	0.0	0.0	0	0	0	0
baseline	36	10000	10000	10000	0	0	0	0	0	0	0	0	0	0	0	0	0.0	0.0	0.0	0.0	0	0	0	0
baseline	37	10000	10000	10000	0	0	0	0	0	0	0	0	0	0	0	0	0.0	0.0	0.0	0.0	0	0	0	0
baseline	38	10000	10000	10000	0	0	0	0	0	0	0	0	0	0	0	0	0.0	0.0	0.0	0.0	0	0	0	0
baseline	39	10000	10000	10000	0	0	0	0	0	0	0	0	0	0	0	0	0.0	0.0	0.0	0.0	0	0	0	0
baseline	40	10000	9934	10000	66	66	0	0	0	0	0	0	0	0	0	0	0.0	0.0	0.0	0.0	0	0	0	0
baseline	41	10000	9854	10000	146	146	0	0	0	0	0	0	0	0	0	0	0.0	0.0	0.0	0.0	0	0	0	0
baseline	42	10000	9768	10000	232	232	0	0	0	0	0	0	0	0	0	0	0.0	0.0	0.0	0.0	0	0	0	0
baseline	43	10000	9638	10000	318	320	1	1	1	1	0	0	43	0	0	0	0.0	0.0	0.0	0.0	0	0	0	0
baseline	44	10000	9531	10000	390	393	2	2	2	2	0	0	77	0	0	0	0.0	0.0	0.0	0.0	0	0	0	0
baseline	45	10000	9417	10000	460	465	3	3	3	3	0	0	120	0	0	0	0.0	0.0	0.0	0.0	0	0	0	0
baseline	46	10000	9298	10000	527	539	9	9	7	9	2	2	166	0	0	0	0.0	0.1636	0.0	6.5154	0	0	2	0
baseline	47	10000	9205	10000	596	609	10	10	7	10	3	3	189	0	0	0	0.0	0.2454	0.0	9.9554	0	0	3	0
baseline	48	10000	9093	10000	654	670	10	11	7	11	3	4	243	1	0	0	0.0	0.3272	0.0	12.8954	0	0	4	0
baseline	49	10000	8963	10000	717	743	14	16	8	16	6	8	306	2	0	0	0.0	0.6544	0.0	28.8154	0	0	8	0
baseline	50	10000	8991	10222	632	884	15	17	4	17	11	13	362	2	270	0	268.8279	23.036347883553297	0.0	45.19762295663772	4632	1259	2681	0
baseline	51	10000	8790	10231	761	1031	18	21	8	21	10	13	431	3	282	0	276.49283999998744	34.589047883553334	0.07823855759593827	45.19762295663772	9022	1259	2822	0
baseline	52	10000	8608	10250	863	1166	25	28	13	28	12	15	504	3	309	0	283.6873377599931	47.66558199355358	0.1534166659703995	51.49948888663773	13270	1259	2981	0
baseline	53	10000	8425	10261	985	1303	25	28	9	28	16	19	565	3	323	0	290.40972200881396	56.781923482145174	0.1534166659703995	63.43319304505468	17362	1259	3096	0
baseline	54	10000	8241	10275	1092	1435	26	29	5	29	21	24	641	3	347	0	296.7678949702335	66.88435740585227	0.4520347386733107	78.53274883293562	21352	1259	3229	0
baseline	55	10000	8187	10406	1069	1557	34	38	12	38	22	26	710	4	517	0	337.3417895835158	85.2417174931305	18.602535845312747	84.1277445039814	25207	2414	3667	0
baseline	56	10000	8046	10429	1131	1655	35	41	13	41	22	28	788	4	558	0	343.0827992358923	94.25871324127489	19.37428440787947	89.56981844204856	29036	2414	3794	0
baseline	57	10000	7881	10455	1204	1767	36	43	12	43	24	31	879	4	595	0	348.6646679207551	103.21509301324849	20.983220646692157	97.57409778030583	32874	2414	3937	0
baseline	58	10000	7691	10480	1280	1891	41	49	15	49	26	34	988	5	625	0	353.98315035791285	111.79269046870289	22.081831287929433	106.12373582298089	36644	2414	4074	0
baseline	59	10000	7515	10502	1347	1998	47	57	18	57	29	39	1091	7	666	0	359.0408155449158	119.58863441754107	23.47232415067866	118.36455073897027	40340	2414	4206	0
baseline	60	10000	7612	10903	1148	2214	50	63	14	63	36	48	1190	9	1211	0	528.6136320543785	134.5598435266789	43.78799013457041	141.54337596265523	43999	3460	6797	0
baseline	61	10000	7362	10928	1281	2400	55	71	14	71	41	54	1302	9	1265	0	533.2925615922669	142.19015768948302	46.16941854853449	156.29975428407622	47633	3460	6949	0
baseline	62	10000	7095	10953	1412	2586	61	77	13	77	48	61	1432	9	1310	0	537.7099783677796	149.5043194631208	48.78218592078073	171.79283965114456	51170	3460	7106	0
baseline	63	10000	6841	10985	1528	2759	68	84	12	84	56	69	1563	9	1371	0	541.9052254316156	157.68650714526328	51.049407876680945	189.7408105077009	54633	3460	7272	0
baseline	64	10000	6602	11020	1602	2911	77	94	18	94	59	73	1719	10	1450	0	545.8618049747921	165.231270720248	53.22275930906645	198.75786085036034	58000	3460	7425	0
baseline	65	10000	6601	11302	1443	3072	84	104	19	104	65	82	1872	12	1877	0	570.2084134435237	179.87094862648289	93.11874642192886	218.04544372646933	61289	4392	8266	0
baseline	66	10000	6372	11333	1503	3211	93	114	21	114	72	90	2032	13	1962	0	573.7365635782795	186.91066190827888	96.55781217773341	235.30718967955107	64480	4392	8446	0
baseline	67	10000	6159	11370	1549	3340	100	123	21	123	79	98	2192	13	2036	0	577.0988099437758	193.49154671317265	100.08371498598234	250.87924673039046	67615	4392	8624	0
baseline	68	10000	5930	11428	1575	3476	109	136	26	136	83	106	2386	15	2158	0	580.2457545683225	201.04928808868394	103.38285317220227	266.68246112492307	70640	4392	8812	0
baseline	69	10000	5740	11486	1566	3584	121	153	32	153	89	117	2573	19	2263	0	583.1640801678499	208.20274240581148	107.12304220712166	286.35121023653386	73532	4392	9007	0
baseline	70	10000	5908	11947	1191	3704	121	160	17	160	104	139	2780	24	3009	0	679.39762489369	220.30843398810217	144.56865318395452	327.012729614518	76322	5175	11373	0
baseline	71	10000	5661	11995	1222	3829	125	171	21	171	104	144	2992	27	3117	0	681.9269994478946	225.87015164349066	148.21921305715404	335.963347398682	78986	5175	11546	0
baseline	72	10000	5433	12042	1231	3937	123	179	21	179	102	152	3213	33	3213	0	684.3104982113704	230.62788558344116	152.4941560935799	349.84183293015786	81574	5175	11726	0
baseline	73	10000	5214	12085	1230	4028	124	191	24	191	100	161	3432	34	3292	0	686.5295834511752	235.12932420503515	156.88853209627237	365.4901034183252	84058	5175	11912	0
baseline	74	10000	5016	12134	1231	4127	126	198	17	198	109	173	3627	37	3388	0	688.5755103608569	240.4088926484784	160.89089663859477	384.71101039233434	86419	5175	12111	0
baseline	75	10000	4987	12373	1036	4210	124	205	13	205	111	182	3853	41	3757	0	700.9866706821647	247.470848152158	199.7368984039789	399.0372280117298	88698	5819	13121	0
baseline	76	10000	4697	12398	1050	4303	123	210	17	210	106	183	4130	44	3802	0	700.9866706821647	247.50774869905416	203.76650015714372	400.5128536041177	88698	5819	13211	0
baseline	77	10000	4423	12416	1057	4379	124	217	17	217	107	190	4396	45	3838	0	700.9866706821647	247.8867256129098	207.38141177475487	411.3198544263119	88698	5819	13306	0
baseline	78	10000	4133	12435	1068	4463	126	227	20	227	106	197	4673	48	3871	0	700.9866706821647	248.23084563998225	211.03148141251077	421.1745310236569	88698	5819	13406	0
baseline	79	10000	3878	12449	1034	4527	127	237	27	237	100	200	4961	50	3897	0	700.9866706821647	248.31882002229014	215.05845258261743	425.7149556631829	88698	5819	13515	0
baseline	80	10000	3784	12582	833	4528	128	245	30	245	98	204	5255	52	4087	0	700.9866706821647	248.54130054340158	241.79401970933327	431.0073956642462	88698	5819	14221	0
baseline	81	10000	3581	12588	779	4528	131	254	31	254	100	211	5509	53	4106	0	700.9866706821647	248.74392060043425	243.70696422295924	440.1477230654262	88698	5819	14281	0
baseline	82	10000	3338	12596	697	4528	129	266	34	266	95	218	5836	58	4125	0	700.9866706821647	248.99073929263204	245.9861765313798	449.8881336569373	88698	5819	14354	0
baseline	83	10000	3116	12601	637	4528	128	276	33	276	95	228	6119	58	4146	0	700.9866706821647	249.45683532096618	248.22551494528884	462.41335236925875	88698	5819	14436	0
baseline	84	10000	2866	12604	582	4528	125	284	33	284	92	234	6427	61	4157	0	700.9866706821647	249.69499412027457	250.3841433418353	469.7081020396334	88698	5819	14515	0
baseline	85	10000	2631	12611	511	4528	122	291	30	291	92	243	6736	65	4173	0	700.9866706821647	249.970984133572	264.450395183971	479.81135239622154	88698	5819	15018	0
baseline	86	10000	2406	12611	456	4528	112	302	32	302	80	248	7026	72	4182	0	700.9866706821647	250.20083315465328	265.4333853556404	485.6005865676936	88698	5819	15060	0
baseline	87	10000	2176	12613	392	4528	111	311	34	311	77	253	7321	73	4193	0	700.9866706821647	250.36101039689336	266.57482812063967	491.8263903864898	88698	5819	15106	0
baseline	88	10000	1944	12613	339	4528	108	321	33	321	75	262	7609	75	4202	0	700.9866706821647	250.63979659546098	267.81917054927123	501.4208370825392	88698	5819	15163	0
baseline	89	10000	1728	12613	287	4528	106	327	29	327	77	271	7879	77	4214	0	700.9866706821647	250.9361615081686	268.94170457399844	510.6443366366449	88698	5819	15216	0
baseline	90	10000	1528	12613	251	4528	99	335	30	335	69	275	8122	78	4223	0	700.9866706821647	251.14032758302562	275.95501359737693	515.078557160997	88698	5819	15512	0
baseline	91	10000	1328	12613	210	4528	84	336	21	336	63	282	8378	79	4228	0	700.9866706821647	251.33340151106384	276.35375889529956	522.1283892525598	88698	5819	15536	0
baseline	92	10000	1114	12613	180	4528	67	339	14	339	53	288	8639	82	4228	0	700.9866706821647	251.46791200673246	276.9448229193784	527.3206265594649	88698	5819	15568	0
baseline	93	10000	943	12613	148	4528	58	342	11	342	47	291	8851	83	4229	0	700.9866706821647	251.54522370411013	277.4072731827864	530.2633522786958	88698	5819	15592	0
baseline	94	10000	774	12613	118	4528	55	348	12	348	43	292	9053	85	4229	0	700.9866706821647	251.56615720920473	277.81197163037126	531.0970329577513	88698	5819	15612	0
baseline	95	10000	634	12613	93	4528	49	350	11	350	38	295	9224	88	4231	0	700.9866706821647	251.64069777301228	280.5744432743691	533.4408522838323	88698	5819	15748	0
baseline	96	10000	516	12613	75	4528	40	351	10	351	30	297	9369	91	4231	0	700.9866706821647	251.68044139254354	280.7546977714504	534.9896578266018	88698	5819	15759	0
baseline	97	10000	402	12613	54	4528	33	354	6	354	27	301	9511	92	4233	0	700.9866706821647	251.76923434152928	280.95014288381196	538.4431570142177	88698	5819	15773	0
baseline	98	10000	302	12613	38	4528	27	354	4	354	23	303	9633	93	4237	0	700.9866706821647	251.82976011685486	281.0828501151052	539.969401696093	88698	5819	15782	0
baseline	99	10000	228	12613	25	4528	24	354	3	354	21	304	9723	93	4240	0	700.9866706821647	251.8608028707117	281.11921585882925	540.6953742678035	88698	5819	15785	0
baseline	100	10000	0	12613	0	4528	0	354	0	354	0	304	10000	93	4240	0	700.9866706821647	251.8608028707117	281.9575900008898	540.6953742678035	88698	5819	15832	0
