description	age	n	num_state_healthy	tot_state_healthy	num_state_polyp	tot_state_polyp	num_state_cancer	tot_state_cancer	num_state_pre	tot_state_pre	num_state_clin	tot_state_clin	tot_state_dead	tot_state_dead_crc	tot_polyps_removed	tot_lesions_cured	tot_discounted_cost_routine	tot_discounted_cost_diagnostic	tot_discounted_cost_surveillance	tot_discounted_cost_treatment	tot_test0_performed	tot_test1_performed	tot_test2_performed	tot_test3_performed
baseline	1	10000	10000	10000	0	0	0	0	0	0	0	0	0	0	0	0	0.0	0.0	0.0	0.0	0	0	0	0
baseline	2	10000	10000	10000	0	0	0	0	0	0	0	0	0	0	0	0	0.0	0.0	0.0	0.0	0	0	0	0
baseline	3	10000	10000	10000	0	0	0	0	0	0	0	0	0	0	0	0	0.0	0.0	0.0	0.0	0	0	0	0
baseline	4	10000	10000	10000	0	0	0	0	0	0	0	0	0	0	0	0	0.0	0.0	0.0	0.0	0	0	0	0
baseline	5	10000	10000	10000	0	0	0	0	0	0	0	0	0	0	0	0	0.0	0.0	0.0	0.0	0	0	0	0
baseline	6	10000	10000	10000	0	0	0	0	0	0	0	0	0	0	0	0	0.0	0.0	0.0	0.0	0	0	0	0
baseline	7	10000	10000	10000	0	0	0	0	0	0	0	0	0	0	0	0	0.0	0.0	0.0	0.0	0	0	0	0
baseline	8	10000	10000	10000	0	0	0	0	0	0	0	0	0	0	0	0	0.0	0.0	0.0	0.0	0	0	0	0
baseline	9	10000	10000	10000	0	0	0	0	0	0	0	0	0	0	0	0	0.0	0.0	0.0	0.0	0	0	0	0
baseline	10	10000	10000	10000	0	0	0	0	0	0	0	0	0	0	0	0	0.0	0.0	0.0	0.0	0	0	0	0
baseline	11	10000	10000	10000	0	0	0	0	0	0	0	0	0	0	0	0	0.0	0.0	0.0	0.0	0	0	0	0
baseline	12	10000	10000	10000	0	0	0	0	0	0	0	0	0	0	0	0	0.0	0.0	0.0	0.0	0	0	0	0
baseline	13	10000	10000	10000	0	0	0	0	0	0	0	0	0	0	0	0	0.0	0.0	0.0	0.0	0	0	0	0
baseline	14	10000	10000	10000	0	0	0	0	0	0	0	0	0	0	0	0	0.0	0.0	0.0	0.0	0	0	0	0
baseline	15	10000	10000	10000	0	0	0	0	0	0	0	0	0	0	0	0	0.0	0.0	0.0	0.0	0	0	0	0
baseline	16	10000	10000	10000	0	0	0	0	0	0	0	0	0	0	0	0	0.0	0.0	0.0	0.0	0	0	0	0
baseline	17	10000	10000	10000	0	0	0	0	0	0	0	0	0	0	0	0	0.0	0.0	0.0	0.0	0	0	0	0
baseline	18	10000	10000	10000	0	0	0	0	0	0	0	0	0	0	0	0	0.0	0.0	0.0	0.0	0	0	0	0
baseline	19	10000	10000	10000	0	0	0	0	0	0	0	0	0	0	0	0	0.0	0.0	0.0	0.0	0	0	0	0
baseline	20	10000	10000	10000	0	0	0	0	0	0	0	0	0	0	0	0	0.0	0.0	0.0	0.0	0	0	0	0
baseline	21	10000	10000	10000	0	0	0	0	0	0	0	0	0	0	0	0	0.0	0.0	0.0	0.0	0	0	0	0
baseline	22	10000	10000	10000	0	0	0	0	0	0	0	0	0	0	0	0	0.0	0.0	0.0	0.0	0	0	0	0
baseline	23	10000	10000	10000	0	0	0	0	0	0	0	0	0	0	0	0	0.0	0.0	0.0	0.0	0	0	0	0
baseline	24	10000	10000	10000	0	0	0	0	0	0	0	0	0	0	0	0	0.0	0.0	0.0	0.0	0	0	0	0
baseline	25	10000	10000	10000	0	0	0	0	0	0	0	0	0	0	0	0	0.0	0.0	0.0	0.0	0	0	0	0
baseline	26	10000	10000	10000	0	0	0	0	0	0	0	0	0	0	0	0	0.0	0.0	0.0	0.0	0	0	0	0
baseline	27	10000	10000	10000	0	0	0	0	0	0	0	0	0	0	0	0	0.0	0.0	0.0	0.0	0	0	0	0
baseline	28	10000	10000	10000	0	0	0	0	0	0	0	0	0	0	0	0	0.0	0.0	0.0	0.0	0	0	0	0
baseline	29	10000	10000	10000	0	0	0	0	0	0	0	0	0	0	0	0	0.0	0.0	0.0	0.0	0	0	0	0
baseline	30	10000	10000	10000	0	0	0	0	0	0	0	0	0	0	0	0	0.0	0.0	0.0	0.0	0	0	0	0
baseline	31	10000	10000	10000	0	0	0	0	0	0	0	0	0	0	0	0	0.0	0.0	0.0	0.0	0	0	0	0
baseline	32	10000	10000	10000	0	0	0	0	0	0	0	0	0	0	0	0	0.0	0.0	0.0	0.0	0	0	0	0
baseline	33	10000	10000	10000	0	0	0	0	0	0	0	0	0	0	0	0	0.0	0.0	0.0	0.0	0	0	0	0
baseline	34	10000	10000	10000	0	0	0	0	0	0	0	0	0	0	0	0	0.0	0.0	0.0	0.0	0	0	0	0
baseline	35	10000	10000	10000	0	0	0	0	0	0	0	0	0	0	0	0	0.0	0.0	0.0	0.0	0	0	0	0
baseline	36	10000	10000	10000	0	0	0	0	0	0	0	0	0	0	0	0	0.0	0.0	0.0	0.0	0	0	0	0
baseline	37	10000	10000	10000	0	0	0	0	0	0	0	0	0	0	0	0	0.0	0.0	0.0	0.0	0	0	0	0
baseline	38	10000	10000	10000	0	0	0	0	0	0	0	0	0	0	0	0	0.0	0.0	0.0	0.0	0	0	0	0
baseline	39	10000	10000	10000	0	0	0	0	0	0	0	0	0	0	0	0	0.0	0.0	0.0	0.0	0	0	0	0
baseline	40	10000	9934	10000	66	66	0	0	0	0	0	0	0	0	0	0	0.0	0.0	0.0	0.0	0	0	0	0
baseline	41	10000	9854	10000	146	146	0	0	0	0	0	0	0	0	0	0	0.0	0.0	0.0	0.0	0	0	0	0
baseline	42	10000	9768	10000	232	232	0	0	0	0	0	0	0	0	0	0	0.0	0.0	0.0	0.0	0	0	0	0
baseline	43	10000	9638	10000	318	320	1	1	1	1	0	0	43	0	0	0	0.0	0.0	0.0	0.0	0	0	0	0
baseline	44	10000	9531	10000	390	393	2	2	2	2	0	0	77	0	0	0	0.0	0.0	0.0	0.0	0	0	0	0
baseline	45	10000	9417	10000	460	465	3	3	3	3	0	0	120	0	0	0	0.0	0.0	0.0	0.0	0	0	0	0
baseline	46	10000	9298	10000	527	539	9	9	7	9	2	2	166	0	0	0	0.0	0.1636	0.0	6.5154	0	0	2	0
baseline	47	10000	9205	10000	596	609	10	10	7	10	3	3	189	0	0	0	0.0	0.2454	0.0	9.9554	0	0	3	0
baseline	48	10000	9093	10000	654	670	10	11	7	11	3	4	243	1	0	0	0.0	0.3272	0.0	12.8954	0	0	4	0
baseline	49	10000	8963	10000	717	743	14	16	8	16	6	8	306	2	0	0	0.0	0.6544	0.0	28.8154	0	0	8	0
baseline	50	10000	9010	10245	613	888	15	17	4	17	11	13	362	2	290	0	303.4732	26.1296	0.0	45.1039	5119	1390	2947	0
baseline	51	10000	8805	10255	749	1039	15	18	3	18	12	15	431	3	303	0	312.12812199998496	38.314802326742054	0.07823855759593827	51.52046570619476	10076	1390	3095	0
baseline	52	10000	8617	10268	862	1173	16	20	3	20	13	17	505	4	323	0	320.15757441998596	52.62246702167695	0.1534166659703995	57.52207553881023	14817	1390	3244	0
baseline	53	10000	8434	10278	979	1309	21	25	7	25	14	18	566	4	336	0	327.6980787460236	63.4583597487767	0.1534166659703995	60.49529037091022	19407	1390	3383	0
baseline	54	10000	8247	10288	1086	1440	25	29	8	29	17	21	642	4	356	0	334.6697596247728	76.73301339418927	0.4463396346988554	69.23645235569958	23782	1390	3533	0
baseline	55	10000	8194	10418	1065	1560	31	35	9	35	22	26	710	4	524	0	379.9146520974422	97.87149213372783	22.230962018864226	83.65611754677026	28022	2681	4007	0
baseline	56	10000	8045	10435	1133	1660	34	40	12	40	22	28	788	4	549	0	386.25090354454846	106.50674631442567	23.015008791997445	89.08326334768468	32248	2681	4134	0
baseline	57	10000	7883	10461	1200	1768	39	46	13	46	26	33	878	4	587	0	392.31998588479297	116.10509037216839	24.18036244902528	102.1643942639991	36421	2681	4280	0
baseline	58	10000	7691	10478	1278	1888	44	52	16	52	28	36	987	5	618	0	398.1900668983543	125.52621862843658	25.05940900097061	110.20109623174821	40582	2681	4428	0
baseline	59	10000	7523	10505	1334	1993	55	63	22	63	33	41	1088	5	665	0	403.80467735889056	134.71047014379047	26.096339115755622	122.59474001080149	44685	2681	4572	0
baseline	60	10000	7625	10909	1124	2205	66	74	14	74	52	60	1185	5	1206	0	594.4248320709637	150.79284879282616	46.24082133974029	171.61146092636284	48723	3858	7376	0
baseline	61	10000	7386	10942	1248	2385	69	79	13	79	56	65	1297	6	1264	0	599.5531139502936	161.56499621551004	47.986918025921554	183.88324152882012	52706	3858	7537	0
baseline	62	10000	7146	10989	1350	2566	76	89	16	89	60	71	1428	7	1351	0	604.4376254032256	170.47388177625675	50.953914216606904	198.2449392783397	56617	3858	7712	0
baseline	63	10000	6908	11025	1449	2726	81	97	15	97	66	80	1562	10	1423	0	609.0156902759409	178.73783209562885	52.877921375526974	218.0638338335861	60396	3858	7871	0
baseline	64	10000	6665	11064	1530	2884	87	106	16	106	71	87	1718	11	1481	0	613.4587634130804	186.41957779579496	55.65835299186739	234.14688524741828	64177	3858	8042	0
baseline	65	10000	6644	11321	1396	3039	90	110	11	110	79	96	1870	12	1888	0	640.3095637092371	202.56748311878272	94.64246538598384	252.82422044392848	67821	4885	8937	0
baseline	66	10000	6415	11376	1457	3190	98	120	17	120	81	100	2030	13	1994	0	644.2003692009918	211.2779774141022	98.18659104231345	261.35814186004205	71340	4885	9140	0
baseline	67	10000	6210	11426	1495	3324	104	130	18	130	86	109	2191	14	2091	0	647.8704193007511	218.38773884998145	102.53056503869871	279.98911298107623	74762	4885	9340	0
baseline	68	10000	5974	11470	1531	3449	111	140	20	140	91	115	2384	14	2172	0	651.2857644916143	224.6148011248716	105.87206549196108	291.3740592619693	78045	4885	9511	0
baseline	69	10000	5772	11508	1535	3554	123	158	26	158	97	126	2570	16	2272	0	654.4886571101953	231.24162757197976	109.29532150304853	311.4428974544613	81219	4885	9695	0
baseline	70	10000	5971	11998	1124	3672	130	167	20	167	110	141	2775	18	3057	0	758.5220072349373	243.98339948001947	143.53475507417767	338.75453881901313	84298	5740	12273	0
baseline	71	10000	5734	12050	1150	3787	131	172	14	172	117	152	2985	19	3157	0	761.3333728712053	252.98474572473265	147.95719325960076	357.53074971185544	87259	5740	12486	0
baseline	72	10000	5510	12095	1162	3889	127	176	11	176	116	159	3201	22	3256	0	763.9314602018642	258.01583006658916	152.55523396891084	369.6549533642242	90080	5740	12680	0
baseline	73	10000	5289	12137	1162	3982	127	182	13	182	114	163	3422	24	3345	0	766.3595897033898	263.3802057389242	156.30585885339732	376.58178059236633	92798	5740	12873	0
baseline	74	10000	5097	12182	1160	4071	123	188	10	188	113	171	3620	30	3431	0	768.611755750935	267.7175153862432	160.44141273003206	389.52844395991406	95397	5740	13055	0
baseline	75	10000	5061	12420	967	4159	128	202	18	202	110	176	3844	33	3786	0	782.1050365567294	277.11221162939347	199.90706763817744	397.363624771075	97897	6439	14120	0
baseline	76	10000	4765	12445	987	4261	127	208	19	208	108	180	4121	35	3824	0	782.1050365567294	277.240882069648	204.36373541667106	403.8262958046974	97897	6439	14226	0
baseline	77	10000	4495	12466	991	4334	124	218	24	218	100	185	4390	36	3857	0	782.1050365567294	277.4721578639346	208.63857519165842	410.96253343241636	97897	6439	14335	0
baseline	78	10000	4215	12481	997	4412	123	228	26	228	97	191	4665	37	3880	0	782.1050365567294	277.68057479363597	213.0074340670099	419.64087756486816	97897	6439	14426	0
baseline	79	10000	3963	12499	961	4476	126	237	28	237	98	197	4950	37	3909	0	782.1050365567294	277.84717775011393	217.56920896848663	427.71811032635065	97897	6439	14525	0
baseline	80	10000	3839	12622	786	4478	131	250	36	250	95	201	5244	37	4102	0	782.1050365567294	278.11878645832445	244.62679889048255	433.3127705288669	97897	6439	15277	0
baseline	81	10000	3634	12631	731	4478	133	259	32	259	101	214	5502	41	4129	0	782.1050365567294	278.63241833469044	247.13944187863245	451.20679028979384	97897	6439	15361	0
baseline	82	10000	3383	12640	659	4478	128	268	34	268	94	221	5830	47	4144	0	782.1050365567294	278.88035449963587	249.6074375594323	460.0736615388519	97897	6439	15442	0
baseline	83	10000	3155	12644	601	4478	125	276	35	276	90	228	6119	49	4158	0	782.1050365567294	279.1588508007938	251.56118504150314	468.61580407866836	97897	6439	15511	0
baseline	84	10000	2893	12646	548	4478	129	291	37	291	92	240	6430	54	4166	0	782.1050365567294	279.5639706741877	253.3950672113141	483.3956987393752	97897	6439	15584	0
baseline	85	10000	2655	12653	488	4478	117	295	30	295	87	248	6740	59	4180	0	782.1050365567294	279.81656444359345	268.12968279457976	493.13497610811794	97897	6439	16110	0
baseline	86	10000	2429	12654	438	4478	108	300	30	300	78	251	7025	65	4183	0	782.1050365567294	279.92657104311155	269.5351761455093	496.60531395964017	97897	6439	16164	0
baseline	87	10000	2195	12654	384	4478	97	307	24	307	73	258	7324	68	4194	0	782.1050365567294	280.2149711654159	270.83172377340844	504.74073128912727	97897	6439	16220	0
baseline	88	10000	1960	12654	334	4478	93	312	23	312	70	263	7613	72	4198	0	782.1050365567294	280.37110603520284	271.9238497646179	510.3848684974252	97897	6439	16267	0
baseline	89	10000	1739	12654	299	4478	81	316	17	316	64	271	7881	73	4205	0	782.1050365567294	280.6256121282328	272.8326552403818	517.8545388224878	97897	6439	16311	0
baseline	90	10000	1538	12654	261	4478	75	321	17	321	58	275	8126	76	4209	0	782.1050365567294	280.72709233022	280.1592018489503	521.6103675968059	97897	6439	16617	0
baseline	91	10000	1337	12654	218	4478	64	323	15	323	49	277	8381	76	4210	0	782.1050365567294	280.78651013965623	280.69853966278436	523.9851410549708	97897	6439	16642	0
baseline	92	10000	1124	12654	178	4478	57	327	14	327	43	280	8641	80	4210	0	782.1050365567294	280.85388980169824	281.31230804959296	526.964633233374	97897	6439	16672	0
baseline	93	10000	954	12654	136	4478	54	330	14	330	40	282	8856	82	4210	0	782.1050365567294	280.8975860027459	281.7969117152928	528.995701218558	97897	6439	16696	0
baseline	94	10000	791	12654	111	4478	40	331	9	331	31	287	9058	84	4211	0	782.1050365567294	281.01402121027337	282.1820187156093	533.6546775712126	97897	6439	16719	0
baseline	95	10000	649	12654	88	4478	37	334	10	334	27	288	9226	85	4213	0	782.1050365567294	281.04749025988554	285.1108240128527	534.3956339406391	97897	6439	16861	0
baseline	96	10000	528	12654	70	4478	34	336	9	336	25	290	9368	86	4213	0	782.1050365567294	281.08668445128046	285.2718852538365	536.3888837719715	97897	6439	16871	0
baseline	97	10000	413	12654	51	4478	27	337	4	337	23	292	9509	86	4213	0	782.1050365567294	281.12571263032675	285.4673303661978	538.0823484208952	97897	6439	16883	0
baseline	98	10000	309	12654	40	4478	19	337	3	337	16	292	9632	86	4213	0	782.1050365567294	281.12571263032675	285.6948284769864	538.0823484208952	97897	6439	16895	0
baseline	99	10000	231	12654	31	4478	15	338	2	338	13	294	9723	87	4214	0	782.1050365567294	281.17184976589516	285.85957735037016	539.5244796417561	97897	6439	16906	0
baseline	100	10000	0	12654	0	4478	0	338	0	338	0	294	10000	87	4214	0	782.1050365567294	281.17184976589516	286.5730872585069	539.5244796417561	97897	6439	16946	0
