description	age	n	num_state_healthy	tot_state_healthy	num_state_polyp	tot_state_polyp	num_state_cancer	tot_state_cancer	num_state_pre	tot_state_pre	num_state_clin	tot_state_clin	tot_state_dead	tot_state_dead_crc	tot_polyps_removed	tot_lesions_cured	tot_discounted_cost_routine	tot_discounted_cost_diagnostic	tot_discounted_cost_surveillance	tot_discounted_cost_treatment	tot_test0_performed	tot_test1_performed	tot_test2_performed	tot_test3_performed
baseline	1	10000	10000	10000	0	0	0	0	0	0	0	0	0	0	0	0	0.0	0.0	0.0	0.0	0	0	0	0
baseline	2	10000	10000	10000	0	0	0	0	0	0	0	0	0	0	0	0	0.0	0.0	0.0	0.0	0	0	0	0
baseline	3	10000	10000	10000	0	0	0	0	0	0	0	0	0	0	0	0	0.0	0.0	0.0	0.0	0	0	0	0
baseline	4	10000	10000	10000	0	0	0	0	0	0	0	0	0	0	0	0	0.0	0.0	0.0	0.0	0	0	0	0
baseline	5	10000	10000	10000	0	0	0	0	0	0	0	0	0	0	0	0	0.0	0.0	0.0	0.0	0	0	0	0
baseline	6	10000	10000	10000	0	0	0	0	0	0	0	0	0	0	0	0	0.0	0.0	0.0	0.0	0	0	0	0
baseline	7	10000	10000	10000	0	0	0	0	0	0	0	0	0	0	0	0	0.0	0.0	0.0	0.0	0	0	0	0
baseline	8	10000	10000	10000	0	0	0	0	0	0	0	0	0	0	0	0	0.0	0.0	0.0	0.0	0	0	0	0
baseline	9	10000	10000	10000	0	0	0	0	0	0	0	0	0	0	0	0	0.0	0.0	0.0	0.0	0	0	0	0
baseline	10	10000	10000	10000	0	0	0	0	0	0	0	0	0	0	0	0	0.0	0.0	0.0	0.0	0	0	0	0
baseline	11	10000	10000	10000	0	0	0	0	0	0	0	0	0	0	0	0	0.0	0.0	0.0	0.0	0	0	0	0
baseline	12	10000	10000	10000	0	0	0	0	0	0	0	0	0	0	0	0	0.0	0.0	0.0	0.0	0	0	0	0
baseline	13	10000	10000	10000	0	0	0	0	0	0	0	0	0	0	0	0	0.0	0.0	0.0	0.0	0	0	0	0
baseline	14	10000	10000	10000	0	0	0	0	0	0	0	0	0	0	0	0	0.0	0.0	0.0	0.0	0	0	0	0
baseline	15	10000	10000	10000	0	0	0	0	0	0	0	0	0	0	0	0	0.0	0.0	0.0	0.0	0	0	0	0
baseline	16	10000	10000	10000	0	0	0	0	0	0	0	0	0	0	0	0	0.0	0.0	0.0	0.0	0	0	0	0
baseline	17	10000	10000	10000	0	0	0	0	0	0	0	0	0	0	0	0	0.0	0.0	0.0	0.0	0	0	0	0
baseline	18	10000	10000	10000	0	0	0	0	0	0	0	0	0	0	0	0	0.0	0.0	0.0	0.0	0	0	0	0
baseline	19	10000	10000	10000	0	0	0	0	0	0	0	0	0	0	0	0	0.0	0.0	0.0	0.0	0	0	0	0
baseline	20	10000	10000	10000	0	0	0	0	0	0	0	0	0	0	0	0	0.0	0.0	0.0	0.0	0	0	0	0
baseline	21	10000	10000	10000	0	0	0	0	0	0	0	0	0	0	0	0	0.0	0.0	0.0	0.0	0	0	0	0
baseline	22	10000	10000	10000	0	0	0	0	0	0	0	0	0	0	0	0	0.0	0.0	0.0	0.0	0	0	0	0
baseline	23	10000	10000	10000	0	0	0	0	0	0	0	0	0	0	0	0	0.0	0.0	0.0	0.0	0	0	0	0
baseline	24	10000	10000	10000	0	0	0	0	0	0	0	0	0	0	0	0	0.0	0.0	0.0	0.0	0	0	0	0
baseline	25	10000	10000	10000	0	0	0	0	0	0	0	0	0	0	0	0	0.0	0.0	0.0	0.0	0	0	0	0
baseline	26	10000	10000	10000	0	0	0	0	0	0	0	0	0	0	0	0	0.0	0.0	0.0	0.0	0	0	0	0
baseline	27	10000	10000	10000	0	0	0	0	0	0	0	0	0	0	0	0	0.0	0.0	0.0	0.0	0	0	0	0
baseline	28	10000	10000	10000	0	0	0	0	0	0	0	0	0	0	0	0	0.0	0.0	0.0	0.0	0	0	0	0
baseline	29	10000	10000	10000	0	0	0	0	0	0	0	0	0	0	0	0	0.0	0.0	0.0	0.0	0	0	0	0
baseline	30	10000	10000	10000	0	0	0	0	0	0	0	0	0	0	0	0	0.0	0.0	0.0	0.0	0	0	0	0
baseline	31	10000	10000	10000	0	0	0	0	0	0	0	0	0	0	0	0	0.0	0.0	0.0	0.0	0	0	0	0
baseline	32	10000	10000	10000	0	0	0	0	0	0	0	0	0	0	0	0	0.0	0.0	0.0	0.0	0	0	0	0
baseline	33	10000	10000	10000	0	0	0	0	0	0	0	0	0	0	0	0	0.0	0.0	0.0	0.0	0	0	0	0
baseline	34	10000	10000	10000	0	0	0	0	0	0	0	0	0	0	0	0	0.0	0.0	0.0	0.0	0	0	0	0
baseline	35	10000	10000	10000	0	0	0	0	0	0	0	0	0	0	0	0	0.0	0.0	0.0	0.0	0	0	0	0
baseline	36	10000	10000	10000	0	0	0	0	0	0	0	0	0	0	0	0	0.0	0.0	0.0	0.0	0	0	0	0
baseline	37	10000	10000	10000	0	0	0	0	0	0	0	0	0	0	0	0	0.0	0.0	0.0	0.0	0	0	0	0
baseline	38	10000	10000	10000	0	0	0	0	0	0	0	0	0	0	0	0	0.0	0.0	0.0	0.0	0	0	0	0
baseline	39	10000	10000	10000	0	0	0	0	0	0	0	0	0	0	0	0	0.0	0.0	0.0	0.0	0	0	0	0
baseline	40	10000	9934	10000	66	66	0	0	0	0	0	0	0	0	0	0	0.0	0.0	0.0	0.0	0	0	0	0
baseline	41	10000	9854	10000	146	146	0	0	0	0	0	0	0	0	0	0	0.0	0.0	0.0	0.0	0	0	0	0
baseline	42	10000	9768	10000	232	232	0	0	0	0	0	0	0	0	0	0	0.0	0.0	0.0	0.0	0	0	0	0
baseline	43	10000	9626	10000	318	320	1	1	1	1	0	0	55	0	0	0	0.0	0.0	0.0	0.0	0	0	0	0
baseline	44	10000	9497	10000	390	393	2	2	2	2	0	0	111	0	0	0	0.0	0.0	0.0	0.0	0	0	0	0
baseline	45	10000	9362	10000	459	465	3	3	3	3	0	0	176	0	0	0	0.0	0.0	0.0	0.0	0	0	0	0
baseline	46	10000	9239	10000	525	539	9	9	7	9	2	2	227	0	0	0	0.0	0.1636	0.0	6.5154	0	0	2	0
baseline	47	10000	9092	10000	590	609	10	10	7	10	3	3	308	0	0	0	0.0	0.2454	0.0	9.9554	0	0	3	0
baseline	48	10000	8950	10000	641	669	11	11	7	11	4	4	398	0	1	0	0.0	0.3717	0.0	12.8954	0	0	4	0
baseline	49	10000	8785	10000	704	741	12	13	6	13	6	7	499	1	1	0	0.0	0.7807	0.0	24.1554	0	0	9	0
baseline	50	10000	8759	10200	639	880	12	14	6	14	6	8	590	2	240	0	244.6267	19.2671	0.0	27.4131	4219	1156	2434	0
baseline	51	10000	8534	10208	761	1024	14	17	5	17	9	12	691	3	251	0	251.7241899999887	28.82483513663729	0.07823855759593827	40.34795023021062	8284	1156	2550	0
baseline	52	10000	8318	10219	866	1153	19	24	8	24	11	16	797	5	267	0	258.36318039999776	40.54388240087044	0.1534166659703995	53.50880550746925	12204	1156	2696	0
baseline	53	10000	8100	10227	969	1278	20	27	5	27	15	22	911	6	280	0	264.5187947158101	49.208663211096635	0.22615974229965297	72.65798756864582	15951	1156	2807	0
baseline	54	10000	7862	10238	1065	1407	25	32	7	32	18	25	1048	6	295	0	270.3925354515976	58.17145316905937	0.3692603814912439	81.47130629919693	19637	1156	2926	0
baseline	55	10000	7763	10367	1032	1518	28	36	6	36	22	30	1177	7	474	0	307.5545080339709	76.57491459710978	15.943432418391598	95.56003796402436	23146	2215	3330	0
baseline	56	10000	7582	10388	1086	1618	31	40	5	40	26	35	1301	8	503	0	312.7422576806708	84.29655665908503	16.562663806855817	109.04446957328052	26606	2215	3439	0
baseline	57	10000	7356	10405	1151	1722	34	46	10	46	24	35	1459	9	534	0	317.70892822752637	92.0734723383878	17.426906053063952	109.04446957328052	30021	2215	3558	0
baseline	58	10000	7120	10420	1221	1843	47	59	18	59	29	40	1612	9	559	0	322.4278469947062	99.08916973790147	18.437004102424748	121.44866828076874	33366	2215	3672	0
baseline	59	10000	6878	10447	1255	1937	54	69	16	69	38	52	1813	10	613	0	326.96140888988054	108.33521362360041	19.442939280416763	151.9196574538191	36679	2215	3816	0
baseline	60	10000	6867	10786	1090	2139	60	78	16	78	44	60	1983	12	1081	0	477.17566218975156	121.90955732028235	37.527249396589355	173.60645176632667	39895	3126	6070	0
baseline	61	10000	6573	10806	1200	2304	64	84	14	84	50	67	2163	12	1122	0	481.1554561362555	131.41190796893818	39.29576804951447	190.02198877976014	42986	3126	6218	0
baseline	62	10000	6251	10830	1302	2471	69	92	16	92	53	71	2378	13	1165	0	484.90220488563097	137.0189946086611	40.913947203828045	199.86779485488586	45986	3126	6328	0
baseline	63	10000	5990	10864	1362	2609	70	96	12	96	58	79	2578	14	1233	0	488.4178291938196	144.36243854871802	42.59183943972447	218.0145599785384	48888	3126	6467	0
baseline	64	10000	5718	10892	1410	2729	71	101	11	101	60	85	2801	17	1288	0	491.6799215050341	150.26286515298557	45.304385587742935	231.01983313540117	51664	3126	6606	0
baseline	65	10000	5649	11131	1269	2868	72	106	12	106	60	88	3010	18	1639	0	511.9036214566537	162.42166793512536	79.20313436704986	238.40143456693366	54380	3901	7314	0
baseline	66	10000	5385	11154	1308	2986	71	112	12	112	59	94	3236	22	1698	0	514.7694833022459	167.12926311777323	81.52865814496121	251.14921376845888	56972	3901	7434	0
baseline	67	10000	5161	11187	1316	3092	82	127	18	127	64	103	3441	23	1769	0	517.4614253684014	171.81862550521316	83.92498657607665	269.65140231706033	59482	3901	7553	0
baseline	68	10000	4939	11228	1337	3205	87	135	19	135	68	110	3637	25	1866	0	519.9758601312197	177.85249448128903	86.64506180033	283.14702665845044	61899	3901	7704	0
baseline	69	10000	4707	11262	1340	3306	93	146	21	146	72	119	3860	28	1948	0	522.3220243839526	183.09621400527735	89.82732091043223	299.6264964292583	64224	3901	7860	0
baseline	70	10000	4776	11641	998	3400	97	155	15	155	82	133	4129	29	2564	0	598.1356564974216	192.58386283499672	119.18618372564583	326.418995742369	66436	4517	9724	0
baseline	71	10000	4492	11670	1023	3499	95	161	17	161	78	136	4390	32	2628	0	600.1589662478013	196.6353454355791	121.54295073523502	332.08812280121765	68567	4517	9848	0
baseline	72	10000	4213	11714	1020	3584	96	166	15	166	81	143	4671	34	2738	0	601.9705358257589	202.87671643945242	124.44946997256949	344.37893087067744	70534	4517	9999	0
baseline	73	10000	3972	11744	980	3653	98	176	18	176	80	149	4950	36	2804	0	603.5937555845054	206.1540857543615	127.83658270824938	354.4992606934878	72351	4517	10138	0
baseline	74	10000	3709	11777	950	3718	106	190	28	190	78	153	5235	38	2865	0	605.0911557115389	208.85305512556525	130.8991404318941	360.8602745883296	74079	4517	10260	0
baseline	75	10000	3635	11963	770	3771	108	198	21	198	87	165	5487	38	3185	0	614.0834074257988	215.49243454214428	158.15042804491588	379.9132765639938	75703	4985	10990	0
baseline	76	10000	3342	11970	776	3838	103	203	20	203	83	170	5779	39	3212	0	614.0834074257988	215.749681047975	160.26366839350024	387.3502487924048	75703	4985	11045	0
baseline	77	10000	3074	11984	759	3903	104	211	20	211	84	178	6063	41	3242	0	614.0834074257988	216.08861297677126	163.18874182531627	398.9635763125869	75703	4985	11123	0
baseline	78	10000	2823	11993	736	3951	102	217	21	217	81	183	6339	44	3270	0	614.0834074257988	216.34227000275263	165.5291511489009	405.5300523649441	75703	4985	11187	0
baseline	79	10000	2547	12004	716	4002	95	220	16	220	79	189	6642	45	3291	0	614.0834074257988	216.5594724030404	167.847550778169	413.71879422020163	75703	4985	11253	0
baseline	80	10000	2423	12084	576	4002	94	228	14	228	80	196	6907	47	3414	0	614.0834074257988	216.84884639605124	186.56312620212236	423.5369702484985	75703	4985	11720	0
baseline	81	10000	2220	12091	511	4002	90	232	12	232	78	200	7179	48	3424	0	614.0834074257988	216.97423648368735	187.73699465831592	429.09451901841453	75703	4985	11756	0
baseline	82	10000	2022	12098	446	4002	80	235	12	235	68	202	7452	53	3435	0	614.0834074257988	217.0656878719586	189.42906556286644	431.46884037512996	75703	4985	11808	0
baseline	83	10000	1839	12101	413	4002	71	237	10	237	61	203	7677	57	3440	0	614.0834074257988	217.09553278266523	190.452853620486	432.5415058699648	75703	4985	11841	0
baseline	84	10000	1645	12106	354	4002	65	240	9	240	56	205	7936	58	3445	0	614.0834074257988	217.15225974514033	191.51742617461844	435.11262541216445	75703	4985	11877	0
baseline	85	10000	1474	12108	323	4002	51	241	4	241	47	209	8152	61	3453	0	614.0834074257988	217.31330599413747	199.05492232150874	439.5010878199097	75703	4985	12147	0
baseline	86	10000	1282	12108	270	4002	55	247	8	247	47	210	8393	62	3455	0	614.0834074257988	217.3550652324595	199.4243128648068	440.5781984349662	75703	4985	12161	0
baseline	87	10000	1099	12108	224	4002	52	249	9	249	43	211	8625	63	3456	0	614.0834074257988	217.38116250369953	200.09934594189752	441.67568759224855	75703	4985	12187	0
baseline	88	10000	951	12108	189	4002	45	252	10	252	35	211	8815	63	3456	0	614.0834074257988	217.38116250369953	200.56210157157818	441.67568759224855	75703	4985	12205	0
baseline	89	10000	800	12108	152	4002	40	256	10	256	30	212	9008	63	3456	0	614.0834074257988	217.4060033494778	201.01032319926034	442.93898732864733	75703	4985	12224	0
baseline	90	10000	672	12108	123	4002	37	258	9	258	28	215	9168	63	3460	0	614.0834074257988	217.517861505575	204.20303832804098	446.1456810728818	75703	4985	12359	0
baseline	91	10000	564	12108	103	4002	32	260	6	260	26	218	9301	64	3462	0	614.0834074257988	217.61260628240058	204.3203562638208	449.2173581212952	75703	4985	12367	0
baseline	92	10000	461	12108	82	4002	27	261	3	261	24	222	9430	65	3467	0	614.0834074257988	217.7322987805771	204.59312335356677	453.21355635601265	75703	4985	12383	0
baseline	93	10000	359	12108	61	4002	21	261	2	261	19	223	9559	65	3468	0	614.0834074257988	217.76578788244413	204.76973846680718	454.1256902469274	75703	4985	12392	0
baseline	94	10000	282	12108	46	4002	20	262	2	262	18	224	9652	65	3468	0	614.0834074257988	217.78658032594078	204.89822596168955	455.1831054663159	75703	4985	12399	0
baseline	95	10000	222	12108	33	4002	16	263	2	263	14	225	9729	66	3469	0	614.0834074257988	217.81828516397118	205.8951233486318	456.046641830723	75703	4985	12448	0
baseline	96	10000	180	12108	25	4002	11	263	1	263	10	225	9784	66	3469	0	614.0834074257988	217.81828516397118	205.93526884033383	456.046641830723	75703	4985	12450	0
baseline	97	10000	137	12108	12	4002	8	263	0	263	8	226	9843	66	3469	0	614.0834074257988	217.8373979965579	206.01323561758602	456.85040887349305	75703	4985	12455	0
baseline	98	10000	107	12108	6	4002	3	263	0	263	3	226	9884	66	3469	0	614.0834074257988	217.8373979965579	206.0701101452832	456.85040887349305	75703	4985	12458	0
baseline	99	10000	78	12108	5	4002	0	263	0	263	0	226	9917	66	3469	0	614.0834074257988	217.8373979965579	206.12527843714943	456.85040887349305	75703	4985	12461	0
baseline	100	10000	0	12108	0	4002	0	263	0	263	0	226	10000	66	3469	0	614.0834074257988	217.8373979965579	206.32149366188705	456.85040887349305	75703	4985	12472	0
