description	age	n	num_state_healthy	tot_state_healthy	num_state_polyp	tot_state_polyp	num_state_cancer	tot_state_cancer	num_state_pre	tot_state_pre	num_state_clin	tot_state_clin	tot_state_dead	tot_state_dead_crc	tot_polyps_removed	tot_lesions_cured	tot_discounted_cost_routine	tot_discounted_cost_diagnostic	tot_discounted_cost_surveillance	tot_discounted_cost_treatment	tot_test0_performed	tot_test1_performed	tot_test2_performed	tot_test3_performed
baseline	1	10000	10000	10000	0	0	0	0	0	0	0	0	0	0	0	0	0.0	0.0	0.0	0.0	0	0	0	0
baseline	2	10000	10000	10000	0	0	0	0	0	0	0	0	0	0	0	0	0.0	0.0	0.0	0.0	0	0	0	0
baseline	3	10000	10000	10000	0	0	0	0	0	0	0	0	0	0	0	0	0.0	0.0	0.0	0.0	0	0	0	0
baseline	4	10000	10000	10000	0	0	0	0	0	0	0	0	0	0	0	0	0.0	0.0	0.0	0.0	0	0	0	0
baseline	5	10000	10000	10000	0	0	0	0	0	0	0	0	0	0	0	0	0.0	0.0	0.0	0.0	0	0	0	0
baseline	6	10000	10000	10000	0	0	0	0	0	0	0	0	0	0	0	0	0.0	0.0	0.0	0.0	0	0	0	0
baseline	7	10000	10000	10000	0	0	0	0	0	0	0	0	0	0	0	0	0.0	0.0	0.0	0.0	0	0	0	0
baseline	8	10000	10000	10000	0	0	0	0	0	0	0	0	0	0	0	0	0.0	0.0	0.0	0.0	0	0	0	0
baseline	9	10000	10000	10000	0	0	0	0	0	0	0	0	0	0	0	0	0.0	0.0	0.0	0.0	0	0	0	0
baseline	10	10000	10000	10000	0	0	0	0	0	0	0	0	0	0	0	0	0.0	0.0	0.0	0.0	0	0	0	0
baseline	11	10000	10000	10000	0	0	0	0	0	0	0	0	0	0	0	0	0.0	0.0	0.0	0.0	0	0	0	0
baseline	12	10000	10000	10000	0	0	0	0	0	0	0	0	0	0	0	0	0.0	0.0	0.0	0.0	0	0	0	0
baseline	13	10000	10000	10000	0	0	0	0	0	0	0	0	0	0	0	0	0.0	0.0	0.0	0.0	0	0	0	0
baseline	14	10000	10000	10000	0	0	0	0	0	0	0	0	0	0	0	0	0.0	0.0	0.0	0.0	0	0	0	0
baseline	15	10000	10000	10000	0	0	0	0	0	0	0	0	0	0	0	0	0.0	0.0	0.0	0.0	0	0	0	0
baseline	16	10000	10000	10000	0	0	0	0	0	0	0	0	0	0	0	0	0.0	0.0	0.0	0.0	0	0	0	0
baseline	17	10000	10000	10000	0	0	0	0	0	0	0	0	0	0	0	0	0.0	0.0	0.0	0.0	0	0	0	0
baseline	18	10000	10000	10000	0	0	0	0	0	0	0	0	0	0	0	0	0.0	0.0	0.0	0.0	0	0	0	0
baseline	19	10000	10000	10000	0	0	0	0	0	0	0	0	0	0	0	0	0.0	0.0	0.0	0.0	0	0	0	0
baseline	20	10000	10000	10000	0	0	0	0	0	0	0	0	0	0	0	0	0.0	0.0	0.0	0.0	0	0	0	0
baseline	21	10000	10000	10000	0	0	0	0	0	0	0	0	0	0	0	0	0.0	0.0	0.0	0.0	0	0	0	0
baseline	22	10000	10000	10000	0	0	0	0	0	0	0	0	0	0	0	0	0.0	0.0	0.0	0.0	0	0	0	0
baseline	23	10000	10000	10000	0	0	0	0	0	0	0	0	0	0	0	0	0.0	0.0	0.0	0.0	0	0	0	0
baseline	24	10000	10000	10000	0	0	0	0	0	0	0	0	0	0	0	0	0.0	0.0	0.0	0.0	0	0	0	0
baseline	25	10000	10000	10000	0	0	0	0	0	0	0	0	0	0	0	0	0.0	0.0	0.0	0.0	0	0	0	0
baseline	26	10000	10000	10000	0	0	0	0	0	0	0	0	0	0	0	0	0.0	0.0	0.0	0.0	0	0	0	0
baseline	27	10000	10000	10000	0	0	0	0	0	0	0	0	0	0	0	0	0.0	0.0	0.0	0.0	0	0	0	0
baseline	28	10000	10000	10000	0	0	0	0	0	0	0	0	0	0	0	0	0.0	0.0	0.0	0.0	0	0	0	0
baseline	29	10000	10000	10000	0	0	0	0	0	0	0	0	0	0	0	0	0.0	0.0	0.0	0.0	0	0	0	0
baseline	30	10000	10000	10000	0	0	0	0	0	0	0	0	0	0	0	0	0.0	0.0	0.0	0.0	0	0	0	0
baseline	31	10000	10000	10000	0	0	0	0	0	0	0	0	0	0	0	0	0.0	0.0	0.0	0.0	0	0	0	0
baseline	32	10000	10000	10000	0	0	0	0	0	0	0	0	0	0	0	0	0.0	0.0	0.0	0.0	0	0	0	0
baseline	33	10000	10000	10000	0	0	0	0	0	0	0	0	0	0	0	0	0.0	0.0	0.0	0.0	0	0	0	0
baseline	34	10000	10000	10000	0	0	0	0	0	0	0	0	0	0	0	0	0.0	0.0	0.0	0.0	0	0	0	0
baseline	35	10000	10000	10000	0	0	0	0	0	0	0	0	0	0	0	0	0.0	0.0	0.0	0.0	0	0	0	0
baseline	36	10000	10000	10000	0	0	0	0	0	0	0	0	0	0	0	0	0.0	0.0	0.0	0.0	0	0	0	0
baseline	37	10000	10000	10000	0	0	0	0	0	0	0	0	0	0	0	0	0.0	0.0	0.0	0.0	0	0	0	0
baseline	38	10000	10000	10000	0	0	0	0	0	0	0	0	0	0	0	0	0.0	0.0	0.0	0.0	0	0	0	0
baseline	39	10000	10000	10000	0	0	0	0	0	0	0	0	0	0	0	0	0.0	0.0	0.0	0.0	0	0	0	0
baseline	40	10000	9934	10000	66	66	0	0	0	0	0	0	0	0	0	0	0.0	0.0	0.0	0.0	0	0	0	0
baseline	41	10000	9854	10000	146	146	0	0	0	0	0	0	0	0	0	0	0.0	0.0	0.0	0.0	0	0	0	0
baseline	42	10000	9768	10000	232	232	0	0	0	0	0	0	0	0	0	0	0.0	0.0	0.0	0.0	0	0	0	0
baseline	43	10000	9626	10000	318	320	1	1	1	1	0	0	55	0	0	0	0.0	0.0	0.0	0.0	0	0	0	0
baseline	44	10000	9497	10000	390	393	2	2	2	2	0	0	111	0	0	0	0.0	0.0	0.0	0.0	0	0	0	0
baseline	45	10000	9362	10000	459	465	3	3	3	3	0	0	176	0	0	0	0.0	0.0	0.0	0.0	0	0	0	0
baseline	46	10000	9239	10000	525	539	9	9	7	9	2	2	227	0	0	0	0.0	0.1636	0.0	6.5154	0	0	2	0
baseline	47	10000	9092	10000	590	609	10	10	7	10	3	3	308	0	0	0	0.0	0.2454	0.0	9.9554	0	0	3	0
baseline	48	10000	8950	10000	641	669	11	11	7	11	4	4	398	0	1	0	0.0	0.3717	0.0	12.8954	0	0	4	0
baseline	49	10000	8785	10000	704	741	12	13	6	13	6	7	499	1	1	0	0.0	0.7807	0.0	24.1554	0	0	9	0
baseline	50	10000	8733	10173	665	880	12	14	5	14	7	9	590	2	203	0	220.5118	17.962449621239085	0.0	30.26503015211373	3640	1044	2142	0
baseline	51	10000	8515	10182	781	1017	13	16	4	16	9	12	691	3	216	0	226.76771799999005	29.426588621239066	0.07823855759593827	40.79699915211373	7223	1044	2252	0
baseline	52	10000	8298	10191	889	1145	17	22	8	22	9	13	796	4	228	0	232.6615156000043	40.39221358123922	0.1534166659703995	43.86216908211373	10703	1044	2361	0
baseline	53	10000	8079	10202	989	1275	23	29	12	29	11	16	909	4	243	0	238.09100727700522	50.813161008397756	0.1534166659703995	52.6128572315352	14008	1044	2465	0
baseline	54	10000	7849	10218	1077	1402	27	34	14	34	13	19	1047	5	264	0	243.26997021550457	60.14072665317967	0.33567938362597777	60.94524661880125	17258	1044	2557	0
baseline	55	10000	7730	10323	1061	1513	33	41	12	41	21	28	1176	6	402	0	275.53355216848115	77.86564147112253	13.946527817568407	87.15623115151251	20390	1959	2908	0
baseline	56	10000	7547	10341	1117	1609	37	45	8	45	29	36	1299	6	438	0	280.1770379071568	85.75881138668333	14.702033426039018	109.04934126009711	23487	1959	3021	0
baseline	57	10000	7330	10357	1175	1707	39	49	7	49	32	40	1456	6	464	0	284.59104818819355	93.15147078150817	15.296870396366888	119.94827022206059	26522	1959	3131	0
baseline	58	10000	7093	10367	1257	1826	39	51	7	51	32	42	1611	8	476	0	288.7611898550888	99.18135706601385	16.097426321368754	125.05467170614098	29478	1959	3232	0
baseline	59	10000	6843	10384	1297	1919	46	62	10	62	36	49	1814	11	509	0	292.65296469055295	108.06000050942819	17.450358542480657	143.54046698863795	32322	1959	3354	0
baseline	60	10000	6845	10716	1115	2106	58	75	20	75	38	52	1982	11	954	0	421.3475596345481	121.19145942187166	33.266059020716185	150.8818191415277	35165	2762	5334	0
baseline	61	10000	6558	10741	1215	2268	65	82	20	82	45	59	2162	11	1001	0	424.9320780257051	127.28737613229583	35.56893679542871	168.4162622847743	37949	2762	5459	0
baseline	62	10000	6228	10759	1324	2434	68	90	18	90	50	69	2380	15	1035	0	428.2167277626587	133.0827040191927	37.141211482878106	191.03505924942326	40579	2762	5576	0
baseline	63	10000	5945	10783	1401	2576	75	98	20	98	55	75	2579	15	1082	0	431.34589991567424	139.43714539851703	38.25150427352425	204.8997792663487	43162	2762	5694	0
baseline	64	10000	5668	10813	1451	2697	82	108	22	108	60	81	2799	15	1146	0	434.26838679535456	145.32104231604964	40.504776473950976	218.33124394121998	45649	2762	5822	0
baseline	65	10000	5594	11042	1311	2833	84	116	22	116	62	89	3011	18	1479	0	452.6060114052505	157.2166078486934	70.71191812366544	235.6715566390108	47990	3471	6462	0
baseline	66	10000	5345	11075	1332	2951	90	128	23	128	67	98	3233	20	1558	0	455.1766629449915	162.8699179751039	73.17349839166774	253.93601295506596	50315	3471	6596	0
baseline	67	10000	5111	11104	1354	3061	94	137	23	137	71	107	3441	23	1627	0	457.5629462506475	167.66647993100543	75.68302542799786	271.4786263045311	52540	3471	6721	0
baseline	68	10000	4900	11143	1366	3162	95	143	18	143	77	117	3639	27	1698	0	459.8152223207767	172.65385574748925	77.82169904244716	290.7652153238414	54705	3471	6844	0
baseline	69	10000	4677	11173	1363	3253	100	155	21	155	79	123	3860	30	1767	0	461.90507443578866	176.47793824678647	80.75421523002342	301.85255578761434	56776	3471	6966	0
baseline	70	10000	4730	11540	1043	3350	101	162	12	162	89	139	4126	31	2351	0	527.8422049341584	185.90173384955926	105.38320988158165	331.59074658889574	58749	3998	8673	0
baseline	71	10000	4470	11577	1042	3441	101	169	10	169	91	146	4387	34	2442	0	529.606310760627	189.94406138277694	108.51620926683145	344.0513321797086	60607	3998	8808	0
baseline	72	10000	4195	11612	1036	3514	96	178	17	178	79	147	4673	40	2528	0	531.2502618011227	193.72719540030587	111.4361230878433	346.1798215443092	62392	3998	8940	0
baseline	73	10000	3952	11634	1000	3579	98	187	17	187	81	156	4950	41	2583	0	532.740372179542	196.74720310158182	113.97936469267833	360.8601477943927	64060	3998	9057	0
baseline	74	10000	3711	11671	959	3641	96	195	18	195	78	160	5234	43	2674	0	534.1415851456383	200.31583211086874	116.68610313678997	367.92679398614473	65677	3998	9186	0
baseline	75	10000	3610	11844	806	3712	97	200	18	200	79	164	5487	44	2924	0	541.8249067610705	204.73500053657315	144.62451995039646	374.0969774641413	67101	4396	9864	0
baseline	76	10000	3325	11859	801	3783	95	208	20	208	75	167	5779	46	2944	0	541.8249067610705	204.84534963311262	147.01299155259937	379.0600079122361	67101	4396	9922	0
baseline	77	10000	3058	11874	784	3847	91	215	19	215	72	172	6067	50	2973	0	541.8249067610705	205.0086358585035	149.54661545885395	387.1154594486809	67101	4396	9986	0
baseline	78	10000	2815	11889	751	3894	93	224	24	224	69	176	6341	52	2998	0	541.8249067610705	205.14588894589252	151.97459342522336	392.81116449129934	67101	4396	10048	0
baseline	79	10000	2537	11901	727	3948	92	230	23	230	69	183	6644	53	3024	0	541.8249067610705	205.48621243390363	154.24353639790417	403.07460270031356	67101	4396	10114	0
baseline	80	10000	2421	11988	581	3948	90	233	22	233	68	187	6908	54	3146	0	541.8249067610705	205.63946962059984	171.0175818736509	408.21994119080665	67101	4396	10573	0
baseline	81	10000	2211	11994	522	3948	84	235	19	235	65	192	7183	56	3161	0	541.8249067610705	205.85500881007675	172.31978457598063	414.48224643468893	67101	4396	10615	0
baseline	82	10000	2007	11994	456	3948	81	244	22	244	59	196	7456	61	3166	0	541.8249067610705	206.0121648569729	173.58716989672925	418.86297360113224	67101	4396	10659	0
baseline	83	10000	1839	12000	407	3948	77	251	22	251	55	202	7677	63	3185	0	541.8249067610705	206.27230941209964	174.98559841218702	426.0695862221935	67101	4396	10708	0
baseline	84	10000	1640	12002	347	3948	78	259	23	259	55	208	7935	63	3193	0	541.8249067610705	206.48378988783892	175.91565746049577	433.2824018730211	67101	4396	10745	0
baseline	85	10000	1470	12005	306	3948	75	263	20	263	55	212	8149	64	3201	0	541.8249067610705	206.62794223746653	183.28676960950997	438.30894493590165	67101	4396	11008	0
baseline	86	10000	1286	12005	260	3948	60	266	12	266	48	219	8394	69	3210	0	541.8249067610705	206.898855141679	183.7506588414974	446.33547656243417	67101	4396	11033	0
baseline	87	10000	1095	12005	226	3948	48	268	8	268	40	222	8631	70	3214	0	541.8249067610705	207.00945409687077	184.3867490541168	450.02283056235575	67101	4396	11060	0
baseline	88	10000	944	12005	199	3948	39	271	7	271	32	225	8818	72	3216	0	541.8249067610705	207.08509494005824	185.03058098342245	453.2207261590745	67101	4396	11087	0
baseline	89	10000	789	12005	165	3948	33	272	6	272	27	227	9013	73	3219	0	541.8249067610705	207.1500343586873	185.36775073763647	455.4640867259779	67101	4396	11102	0
baseline	90	10000	660	12005	136	3948	32	274	7	274	25	228	9172	74	3219	0	541.8249067610705	207.1500343586873	188.31784450719684	456.3097549090156	67101	4396	11224	0
baseline	91	10000	550	12005	118	3948	28	275	7	275	21	229	9304	74	3220	0	541.8249067610705	207.18624557938963	188.5043942862693	457.2960304372499	67101	4396	11233	0
baseline	92	10000	453	12005	92	3948	23	276	6	276	17	231	9432	75	3220	0	541.8249067610705	207.23121444370133	188.73199108168225	459.38642675080644	67101	4396	11245	0
baseline	93	10000	354	12005	68	3948	17	277	4	277	13	233	9561	76	3222	0	541.8249067610705	207.2987293522432	188.9300711967147	461.176615321937	67101	4396	11256	0
baseline	94	10000	282	12005	49	3948	14	278	2	278	12	235	9655	77	3225	0	541.8249067610705	207.365473802063	189.07982806572875	463.0057213731082	67101	4396	11265	0
baseline	95	10000	221	12005	35	3948	11	279	0	279	11	236	9733	77	3226	0	541.8249067610705	207.39684545520004	190.09766317102225	463.86018286789323	67101	4396	11315	0
baseline	96	10000	176	12005	30	3948	7	279	0	279	7	236	9787	77	3226	0	541.8249067610705	207.39684545520004	190.13796113233386	463.86018286789323	67101	4396	11317	0
baseline	97	10000	127	12005	21	3948	6	279	0	279	6	236	9846	77	3226	0	541.8249067610705	207.39684545520004	190.17705015480612	463.86018286789323	67101	4396	11319	0
baseline	98	10000	99	12005	12	3948	4	279	0	279	4	236	9885	77	3226	0	541.8249067610705	207.39684545520004	190.2147939840581	463.86018286789323	67101	4396	11321	0
baseline	99	10000	73	12005	8	3948	2	279	0	279	2	236	9917	77	3226	0	541.8249067610705	207.39684545520004	190.25128557484106	463.86018286789323	67101	4396	11323	0
baseline	100	10000	0	12005	0	3948	0	279	0	279	0	236	10000	77	3226	0	541.8249067610705	207.39684545520004	190.42966305187522	463.86018286789323	67101	4396	11333	0
