description	age	n	num_state_healthy	tot_state_healthy	num_state_polyp	tot_state_polyp	num_state_cancer	tot_state_cancer	num_state_pre	tot_state_pre	num_state_clin	tot_state_clin	tot_state_dead	tot_state_dead_crc	tot_polyps_removed	tot_lesions_cured	tot_discounted_cost_routine	tot_discounted_cost_diagnostic	tot_discounted_cost_surveillance	tot_discounted_cost_treatment	tot_test0_performed	tot_test1_performed	tot_test2_performed	tot_test3_performed
baseline	1	10000	10000	10000	0	0	0	0	0	0	0	0	0	0	0	0	0.0	0.0	0.0	0.0	0	0	0	0
baseline	2	10000	10000	10000	0	0	0	0	0	0	0	0	0	0	0	0	0.0	0.0	0.0	0.0	0	0	0	0
baseline	3	10000	10000	10000	0	0	0	0	0	0	0	0	0	0	0	0	0.0	0.0	0.0	0.0	0	0	0	0
baseline	4	10000	10000	10000	0	0	0	0	0	0	0	0	0	0	0	0	0.0	0.0	0.0	0.0	0	0	0	0
baseline	5	10000	10000	10000	0	0	0	0	0	0	0	0	0	0	0	0	0.0	0.0	0.0	0.0	0	0	0	0
baseline	6	10000	10000	10000	0	0	0	0	0	0	0	0	0	0	0	0	0.0	0.0	0.0	0.0	0	0	0	0
baseline	7	10000	10000	10000	0	0	0	0	0	0	0	0	0	0	0	0	0.0	0.0	0.0	0.0	0	0	0	0
baseline	8	10000	10000	10000	0	0	0	0	0	0	0	0	0	0	0	0	0.0	0.0	0.0	0.0	0	0	0	0
baseline	9	10000	10000	10000	0	0	0	0	0	0	0	0	0	0	0	0	0.0	0.0	0.0	0.0	0	0	0	0
baseline	10	10000	10000	10000	0	0	0	0	0	0	0	0	0	0	0	0	0.0	0.0	0.0	0.0	0	0	0	0
baseline	11	10000	10000	10000	0	0	0	0	0	0	0	0	0	0	0	0	0.0	0.0	0.0	0.0	0	0	0	0
baseline	12	10000	10000	10000	0	0	0	0	0	0	0	0	0	0	0	0	0.0	0.0	0.0	0.0	0	0	0	0
baseline	13	10000	10000	10000	0	0	0	0	0	0	0	0	0	0	0	0	0.0	0.0	0.0	0.0	0	0	0	0
baseline	14	10000	10000	10000	0	0	0	0	0	0	0	0	0	0	0	0	0.0	0.0	0.0	0.0	0	0	0	0
baseline	15	10000	10000	10000	0	0	0	0	0	0	0	0	0	0	0	0	0.0	0.0	0.0	0.0	0	0	0	0
baseline	16	10000	10000	10000	0	0	0	0	0	0	0	0	0	0	0	0	0.0	0.0	0.0	0.0	0	0	0	0
baseline	17	10000	10000	10000	0	0	0	0	0	0	0	0	0	0	0	0	0.0	0.0	0.0	0.0	0	0	0	0
baseline	18	10000	10000	10000	0	0	0	0	0	0	0	0	0	0	0	0	0.0	0.0	0.0	0.0	0	0	0	0
baseline	19	10000	10000	10000	0	0	0	0	0	0	0	0	0	0	0	0	0.0	0.0	0.0	0.0	0	0	0	0
baseline	20	10000	10000	10000	0	0	0	0	0	0	0	0	0	0	0	0	0.0	0.0	0.0	0.0	0	0	0	0
baseline	21	10000	10000	10000	0	0	0	0	0	0	0	0	0	0	0	0	0.0	0.0	0.0	0.0	0	0	0	0
baseline	22	10000	10000	10000	0	0	0	0	0	0	0	0	0	0	0	0	0.0	0.0	0.0	0.0	0	0	0	0
baseline	23	10000	10000	10000	0	0	0	0	0	0	0	0	0	0	0	0	0.0	0.0	0.0	0.0	0	0	0	0
baseline	24	10000	10000	10000	0	0	0	0	0	0	0	0	0	0	0	0	0.0	0.0	0.0	0.0	0	0	0	0
baseline	25	10000	10000	10000	0	0	0	0	0	0	0	0	0	0	0	0	0.0	0.0	0.0	0.0	0	0	0	0
baseline	26	10000	10000	10000	0	0	0	0	0	0	0	0	0	0	0	0	0.0	0.0	0.0	0.0	0	0	0	0
baseline	27	10000	10000	10000	0	0	0	0	0	0	0	0	0	0	0	0	0.0	0.0	0.0	0.0	0	0	0	0
baseline	28	10000	10000	10000	0	0	0	0	0	0	0	0	0	0	0	0	0.0	0.0	0.0	0.0	0	0	0	0
baseline	29	10000	10000	10000	0	0	0	0	0	0	0	0	0	0	0	0	0.0	0.0	0.0	0.0	0	0	0	0
baseline	30	10000	10000	10000	0	0	0	0	0	0	0	0	0	0	0	0	0.0	0.0	0.0	0.0	0	0	0	0
baseline	31	10000	10000	10000	0	0	0	0	0	0	0	0	0	0	0	0	0.0	0.0	0.0	0.0	0	0	0	0
baseline	32	10000	10000	10000	0	0	0	0	0	0	0	0	0	0	0	0	0.0	0.0	0.0	0.0	0	0	0	0
baseline	33	10000	10000	10000	0	0	0	0	0	0	0	0	0	0	0	0	0.0	0.0	0.0	0.0	0	0	0	0
baseline	34	10000	10000	10000	0	0	0	0	0	0	0	0	0	0	0	0	0.0	0.0	0.0	0.0	0	0	0	0
baseline	35	10000	10000	10000	0	0	0	0	0	0	0	0	0	0	0	0	0.0	0.0	0.0	0.0	0	0	0	0
baseline	36	10000	10000	10000	0	0	0	0	0	0	0	0	0	0	0	0	0.0	0.0	0.0	0.0	0	0	0	0
baseline	37	10000	10000	10000	0	0	0	0	0	0	0	0	0	0	0	0	0.0	0.0	0.0	0.0	0	0	0	0
baseline	38	10000	10000	10000	0	0	0	0	0	0	0	0	0	0	0	0	0.0	0.0	0.0	0.0	0	0	0	0
baseline	39	10000	10000	10000	0	0	0	0	0	0	0	0	0	0	0	0	0.0	0.0	0.0	0.0	0	0	0	0
baseline	40	10000	9934	10000	66	66	0	0	0	0	0	0	0	0	0	0	0.0	0.0	0.0	0.0	0	0	0	0
baseline	41	10000	9854	10000	146	146	0	0	0	0	0	0	0	0	0	0	0.0	0.0	0.0	0.0	0	0	0	0
baseline	42	10000	9768	10000	232	232	0	0	0	0	0	0	0	0	0	0	0.0	0.0	0.0	0.0	0	0	0	0
baseline	43	10000	9644	10000	318	320	1	1	1	1	0	0	37	0	0	0	0.0	0.0	0.0	0.0	0	0	0	0
baseline	44	10000	9541	10000	390	393	2	2	2	2	0	0	67	0	0	0	0.0	0.0	0.0	0.0	0	0	0	0
baseline	45	10000	9437	10000	462	466	3	3	3	3	0	0	98	0	0	0	0.0	0.0	0.0	0.0	0	0	0	0
baseline	46	10000	9328	10000	527	540	10	10	10	10	0	0	135	0	0	0	0.0	0.0	0.0	0.0	0	0	0	0
baseline	47	10000	9217	10000	595	610	11	11	8	11	3	3	177	0	0	0	0.0	0.2454	0.0	10.32	0	0	3	0
baseline	48	10000	9129	10000	651	671	14	14	8	14	6	6	206	0	5	0	0.0	0.5993	0.0	21.36	0	0	6	0
baseline	49	10000	9009	10000	719	744	19	19	10	19	9	9	253	0	6	0	0.0	0.8892	0.0	33.12	0	0	9	0
baseline	50	10000	9031	10218	644	891	19	19	4	19	15	15	306	0	264	0	266.6241	22.8596	0.0	52.6662	4643	1275	2676	0
baseline	51	10000	8845	10229	776	1039	20	21	5	21	15	16	359	0	281	0	274.34491199998735	35.10751569865325	0.0	55.43492877800033	9065	1275	2823	0
baseline	52	10000	8667	10245	891	1176	21	23	4	23	17	19	421	0	302	0	281.5868311199935	48.15826914865348	0.22681614894362898	64.80196463800031	13341	1275	2986	0
baseline	53	10000	8481	10258	1004	1310	25	28	7	28	18	21	490	1	318	0	288.3995699958139	57.13431683635337	0.4856034859484551	71.57189915010032	17488	1275	3102	0
baseline	54	10000	8310	10275	1108	1442	28	31	6	31	22	25	554	1	341	0	294.8214840395534	66.65986189681479	0.7387989533246039	82.7642280682509	21518	1275	3226	0
baseline	55	10000	8237	10385	1109	1566	30	34	7	34	23	27	624	2	482	0	335.91508448518954	83.10625008361848	18.119060393077213	88.51577095218181	25399	2446	3642	0
baseline	56	10000	8092	10398	1187	1668	32	37	7	37	25	30	689	3	503	0	341.73855836605384	92.95923345422408	19.08497472999289	97.55796338337863	29283	2446	3761	0
baseline	57	10000	7926	10416	1271	1780	32	39	7	39	25	32	771	4	534	0	347.39459987606796	102.13821025486679	20.387766268918	103.05779641470383	33172	2446	3906	0
baseline	58	10000	7745	10429	1356	1901	43	50	15	50	28	35	856	4	557	0	352.84004873745425	110.3421161762391	21.521450045773005	111.20582151654303	37032	2446	4042	0
baseline	59	10000	7582	10451	1402	2004	56	65	25	65	31	40	960	5	588	0	358.00855561280787	118.04322414182649	22.9005091861724	124.28568310560787	40809	2446	4174	0
baseline	60	10000	7699	10868	1171	2213	63	75	20	75	43	55	1067	8	1167	0	537.5453731824666	137.72690349800612	42.62409733858025	161.18950719689295	44511	3530	6824	0
baseline	61	10000	7441	10899	1320	2404	65	78	17	78	48	61	1174	9	1214	0	542.2719417937973	145.89054191519173	44.60583660148465	175.88502944357268	48182	3530	6977	0
baseline	62	10000	7199	10928	1437	2578	71	85	15	85	56	70	1293	10	1275	0	546.730572805555	154.10042912770012	47.057779062976614	196.83974011180317	51752	3530	7142	0
baseline	63	10000	6949	10959	1542	2750	76	92	15	92	61	77	1433	11	1338	0	551.0203128728502	161.84725109891994	48.779368285502194	212.78594713911028	55293	3530	7291	0
baseline	64	10000	6710	10995	1626	2905	84	100	16	100	68	84	1580	11	1414	0	555.0356476809976	169.28127967763942	51.1286489729789	228.21276566530693	58710	3530	7446	0
baseline	65	10000	6671	11264	1477	3069	93	115	21	115	72	94	1759	15	1846	0	580.2389816835135	184.69741595051073	90.28559758690909	248.66161920153337	62072	4497	8292	0
baseline	66	10000	6453	11302	1528	3205	100	124	21	124	79	103	1919	17	1920	0	583.8489504049097	192.35320635527546	93.22876623859766	267.25325969393367	65337	4497	8474	0
baseline	67	10000	6240	11339	1566	3328	102	129	22	129	80	107	2092	19	2001	0	587.2787634437817	199.23393262547643	96.58966669753441	275.26881554375404	68535	4497	8655	0
baseline	68	10000	6001	11389	1596	3456	108	138	19	138	89	118	2295	20	2110	0	590.4912477414973	206.80373445050947	99.82649470958289	298.28026692126645	71623	4497	8844	0
baseline	69	10000	5774	11429	1610	3568	107	147	22	147	85	124	2509	26	2211	0	593.5014017053242	214.44940794573617	103.30947595411729	309.32170095909976	74606	4497	9022	0
baseline	70	10000	5906	11883	1242	3693	111	154	13	154	98	140	2741	26	2945	0	693.1966324593665	225.59512646922866	136.48155079940625	338.31652620367623	77404	5289	11408	0
baseline	71	10000	5656	11934	1266	3812	115	163	19	163	96	143	2963	29	3060	0	695.7649350754076	230.9735287683003	140.1517211047202	344.04375136575607	80109	5289	11578	0
baseline	72	10000	5416	11976	1267	3920	120	173	17	173	103	154	3197	30	3171	0	698.1723793442312	237.03133529603417	143.96877350903546	362.59371700720624	82723	5289	11776	0
baseline	73	10000	5187	12012	1250	3990	115	179	14	179	101	162	3448	33	3238	0	700.3718108500311	241.20619989606286	149.01978341877194	375.5608529817188	85185	5289	11945	0
baseline	74	10000	4974	12063	1227	4082	124	194	21	194	103	169	3675	35	3344	0	702.4463339426912	245.50054202754205	152.84030525856792	386.3057688045788	87579	5289	12114	0
baseline	75	10000	4910	12311	1017	4168	124	202	14	202	110	183	3949	37	3732	0	714.5380835656067	253.89093135517183	189.30729394129213	408.13546150708555	89827	5915	13122	0
baseline	76	10000	4589	12333	1025	4259	128	211	19	211	109	186	4258	40	3766	0	714.5380835656067	254.08135384238665	193.21488174216555	413.0263944102623	89827	5915	13217	0
baseline	77	10000	4289	12354	1026	4334	126	217	21	217	105	190	4559	44	3805	0	714.5380835656067	254.22857460589606	197.26807123408594	419.5684457333551	89827	5915	13317	0
baseline	78	10000	3992	12366	1020	4412	123	223	22	223	101	194	4865	44	3829	0	714.5380835656067	254.3611718291654	200.2461336206801	425.6488193222273	89827	5915	13397	0
baseline	79	10000	3681	12388	986	4478	119	233	28	233	91	194	5214	46	3866	0	714.5380835656067	254.45345079204776	203.41318336823193	425.6488193222273	89827	5915	13478	0
baseline	80	10000	3561	12498	805	4480	125	245	34	245	91	199	5509	48	4025	0	714.5380835656067	254.65467013505065	227.4864010111046	432.3810734142921	89827	5915	14148	0
baseline	81	10000	3300	12514	711	4480	125	258	32	258	93	211	5864	50	4056	0	714.5380835656067	255.098812950984	229.96516644190964	448.2671472276292	89827	5915	14228	0
baseline	82	10000	3042	12528	638	4480	121	268	37	268	84	213	6199	53	4072	0	714.5380835656067	255.1761004651244	232.31329362363027	450.45152110802354	89827	5915	14298	0
baseline	83	10000	2763	12530	589	4480	113	275	33	275	80	221	6535	57	4080	0	714.5380835656067	255.46038592882044	233.90687329046378	460.01475840582333	89827	5915	14357	0
baseline	84	10000	2492	12530	525	4480	108	281	26	281	82	232	6875	58	4086	0	714.5380835656067	255.8379000644004	235.4035214834728	473.59352327123247	89827	5915	14419	0
baseline	85	10000	2228	12534	460	4480	101	289	26	289	75	238	7211	61	4096	0	714.5380835656067	256.0376308315041	247.2853146366885	481.0268205813025	89827	5915	14844	0
baseline	86	10000	1970	12534	396	4480	90	294	18	294	72	246	7544	63	4104	0	714.5380835656067	256.34535967718205	248.48484134623635	489.78195514797335	89827	5915	14896	0
baseline	87	10000	1705	12534	359	4480	80	296	9	296	71	255	7856	67	4112	0	714.5380835656067	256.6436201300513	249.39919437139952	499.82810040373727	89827	5915	14939	0
baseline	88	10000	1477	12534	315	4480	69	297	7	297	62	257	8139	74	4113	0	714.5380835656067	256.66908733967375	250.10446130642626	502.39986444778833	89827	5915	14967	0
baseline	89	10000	1242	12534	261	4480	53	299	7	299	46	257	8444	74	4113	0	714.5380835656067	256.66908733967375	250.8508050722243	502.39986444778833	89827	5915	14997	0
baseline	90	10000	1028	12534	213	4480	50	303	8	303	42	258	8709	75	4114	0	714.5380835656067	256.70575649317414	255.39790949118697	503.39861257163153	89827	5915	15186	0
baseline	91	10000	829	12534	168	4480	46	306	5	306	41	262	8957	77	4116	0	714.5380835656067	256.8120598506858	255.7498632985266	507.48422284818173	89827	5915	15205	0
baseline	92	10000	657	12534	130	4480	43	309	5	309	38	263	9170	78	4119	0	714.5380835656067	256.8499983953343	256.04514790383547	508.42111153153337	89827	5915	15219	0
baseline	93	10000	534	12534	100	4480	34	311	3	311	31	264	9332	79	4121	0	714.5380835656067	256.88557645431484	256.28675958157015	509.2938723955474	89827	5915	15231	0
baseline	94	10000	404	12534	71	4480	28	312	2	312	26	264	9497	79	4127	0	714.5380835656067	256.88557645431484	256.49862614816624	509.2938723955474	89827	5915	15240	0
baseline	95	10000	299	12534	45	4480	24	314	2	314	22	265	9632	79	4127	0	714.5380835656067	256.90600652456334	257.93152634170076	510.02815609396407	89827	5915	15310	0
baseline	96	10000	216	12534	28	4480	20	316	3	316	17	266	9736	82	4132	0	714.5380835656067	256.942652438892	258.0716664223262	510.81201292330434	89827	5915	15318	0
baseline	97	10000	155	12534	19	4480	15	316	3	316	12	266	9811	82	4133	0	714.5380835656067	256.97233954348985	258.11075544479843	510.81201292330434	89827	5915	15321	0
baseline	98	10000	115	12534	8	4480	11	316	0	316	11	268	9866	83	4136	0	714.5380835656067	257.0209612758065	258.1587703145501	512.3733206602487	89827	5915	15325	0
baseline	99	10000	78	12534	5	4480	5	316	0	316	5	268	9912	83	4136	0	714.5380835656067	257.0209612758065	258.1955491757942	512.3733206602487	89827	5915	15327	0
baseline	100	10000	0	12534	0	4480	0	316	0	316	0	268	10000	83	4136	0	714.5380835656067	257.0209612758065	258.37392665282846	512.3733206602487	89827	5915	15337	0
