description	age	n	num_state_healthy	tot_state_healthy	num_state_polyp	tot_state_polyp	num_state_cancer	tot_state_cancer	num_state_pre	tot_state_pre	num_state_clin	tot_state_clin	tot_state_dead	tot_state_dead_crc	tot_polyps_removed	tot_lesions_cured	tot_discounted_cost_routine	tot_discounted_cost_diagnostic	tot_discounted_cost_surveillance	tot_discounted_cost_treatment	tot_test0_performed	tot_test1_performed	tot_test2_performed	tot_test3_performed
baseline	1	10000	10000	10000	0	0	0	0	0	0	0	0	0	0	0	0	0.0	0.0	0.0	0.0	0	0	0	0
baseline	2	10000	10000	10000	0	0	0	0	0	0	0	0	0	0	0	0	0.0	0.0	0.0	0.0	0	0	0	0
baseline	3	10000	10000	10000	0	0	0	0	0	0	0	0	0	0	0	0	0.0	0.0	0.0	0.0	0	0	0	0
baseline	4	10000	10000	10000	0	0	0	0	0	0	0	0	0	0	0	0	0.0	0.0	0.0	0.0	0	0	0	0
baseline	5	10000	10000	10000	0	0	0	0	0	0	0	0	0	0	0	0	0.0	0.0	0.0	0.0	0	0	0	0
baseline	6	10000	10000	10000	0	0	0	0	0	0	0	0	0	0	0	0	0.0	0.0	0.0	0.0	0	0	0	0
baseline	7	10000	10000	10000	0	0	0	0	0	0	0	0	0	0	0	0	0.0	0.0	0.0	0.0	0	0	0	0
baseline	8	10000	10000	10000	0	0	0	0	0	0	0	0	0	0	0	0	0.0	0.0	0.0	0.0	0	0	0	0
baseline	9	10000	10000	10000	0	0	0	0	0	0	0	0	0	0	0	0	0.0	0.0	0.0	0.0	0	0	0	0
baseline	10	10000	10000	10000	0	0	0	0	0	0	0	0	0	0	0	0	0.0	0.0	0.0	0.0	0	0	0	0
baseline	11	10000	10000	10000	0	0	0	0	0	0	0	0	0	0	0	0	0.0	0.0	0.0	0.0	0	0	0	0
baseline	12	10000	10000	10000	0	0	0	0	0	0	0	0	0	0	0	0	0.0	0.0	0.0	0.0	0	0	0	0
baseline	13	10000	10000	10000	0	0	0	0	0	0	0	0	0	0	0	0	0.0	0.0	0.0	0.0	0	0	0	0
baseline	14	10000	10000	10000	0	0	0	0	0	0	0	0	0	0	0	0	0.0	0.0	0.0	0.0	0	0	0	0
baseline	15	10000	10000	10000	0	0	0	0	0	0	0	0	0	0	0	0	0.0	0.0	0.0	0.0	0	0	0	0
baseline	16	10000	10000	10000	0	0	0	0	0	0	0	0	0	0	0	0	0.0	0.0	0.0	0.0	0	0	0	0
baseline	17	10000	10000	10000	0	0	0	0	0	0	0	0	0	0	0	0	0.0	0.0	0.0	0.0	0	0	0	0
baseline	18	10000	10000	10000	0	0	0	0	0	0	0	0	0	0	0	0	0.0	0.0	0.0	0.0	0	0	0	0
baseline	19	10000	10000	10000	0	0	0	0	0	0	0	0	0	0	0	0	0.0	0.0	0.0	0.0	0	0	0	0
baseline	20	10000	10000	10000	0	0	0	0	0	0	0	0	0	0	0	0	0.0	0.0	0.0	0.0	0	0	0	0
baseline	21	10000	10000	10000	0	0	0	0	0	0	0	0	0	0	0	0	0.0	0.0	0.0	0.0	0	0	0	0
baseline	22	10000	10000	10000	0	0	0	0	0	0	0	0	0	0	0	0	0.0	0.0	0.0	0.0	0	0	0	0
baseline	23	10000	10000	10000	0	0	0	0	0	0	0	0	0	0	0	0	0.0	0.0	0.0	0.0	0	0	0	0
baseline	24	10000	10000	10000	0	0	0	0	0	0	0	0	0	0	0	0	0.0	0.0	0.0	0.0	0	0	0	0
baseline	25	10000	10000	10000	0	0	0	0	0	0	0	0	0	0	0	0	0.0	0.0	0.0	0.0	0	0	0	0
baseline	26	10000	10000	10000	0	0	0	0	0	0	0	0	0	0	0	0	0.0	0.0	0.0	0.0	0	0	0	0
baseline	27	10000	10000	10000	0	0	0	0	0	0	0	0	0	0	0	0	0.0	0.0	0.0	0.0	0	0	0	0
baseline	28	10000	10000	10000	0	0	0	0	0	0	0	0	0	0	0	0	0.0	0.0	0.0	0.0	0	0	0	0
baseline	29	10000	10000	10000	0	0	0	0	0	0	0	0	0	0	0	0	0.0	0.0	0.0	0.0	0	0	0	0
baseline	30	10000	10000	10000	0	0	0	0	0	0	0	0	0	0	0	0	0.0	0.0	0.0	0.0	0	0	0	0
baseline	31	10000	10000	10000	0	0	0	0	0	0	0	0	0	0	0	0	0.0	0.0	0.0	0.0	0	0	0	0
baseline	32	10000	10000	10000	0	0	0	0	0	0	0	0	0	0	0	0	0.0	0.0	0.0	0.0	0	0	0	0
baseline	33	10000	10000	10000	0	0	0	0	0	0	0	0	0	0	0	0	0.0	0.0	0.0	0.0	0	0	0	0
baseline	34	10000	10000	10000	0	0	0	0	0	0	0	0	0	0	0	0	0.0	0.0	0.0	0.0	0	0	0	0
baseline	35	10000	10000	10000	0	0	0	0	0	0	0	0	0	0	0	0	0.0	0.0	0.0	0.0	0	0	0	0
baseline	36	10000	10000	10000	0	0	0	0	0	0	0	0	0	0	0	0	0.0	0.0	0.0	0.0	0	0	0	0
baseline	37	10000	10000	10000	0	0	0	0	0	0	0	0	0	0	0	0	0.0	0.0	0.0	0.0	0	0	0	0
baseline	38	10000	10000	10000	0	0	0	0	0	0	0	0	0	0	0	0	0.0	0.0	0.0	0.0	0	0	0	0
baseline	39	10000	10000	10000	0	0	0	0	0	0	0	0	0	0	0	0	0.0	0.0	0.0	0.0	0	0	0	0
baseline	40	10000	9934	10000	66	66	0	0	0	0	0	0	0	0	0	0	0.0	0.0	0.0	0.0	0	0	0	0
baseline	41	10000	9854	10000	146	146	0	0	0	0	0	0	0	0	0	0	0.0	0.0	0.0	0.0	0	0	0	0
baseline	42	10000	9768	10000	232	232	0	0	0	0	0	0	0	0	0	0	0.0	0.0	0.0	0.0	0	0	0	0
baseline	43	10000	9657	10000	318	320	1	1	1	1	0	0	24	0	0	0	0.0	0.0	0.0	0.0	0	0	0	0
baseline	44	10000	9565	10000	390	393	2	2	2	2	0	0	43	0	0	0	0.0	0.0	0.0	0.0	0	0	0	0
baseline	45	10000	9477	10000	462	466	3	3	3	3	0	0	58	0	0	0	0.0	0.0	0.0	0.0	0	0	0	0
baseline	46	10000	9384	10000	529	540	10	10	10	10	0	0	77	0	0	0	0.0	0.0	0.0	0.0	0	0	0	0
baseline	47	10000	9292	10000	598	610	11	11	8	11	3	3	99	0	0	0	0.0	0.2454	0.0	10.32	0	0	3	0
baseline	48	10000	9203	10000	654	671	14	14	8	14	6	6	129	0	5	0	0.0	0.5993	0.0	21.36	0	0	6	0
baseline	49	10000	9106	10000	722	744	19	19	10	19	9	9	153	0	6	0	0.0	0.8892	0.0	33.12	0	0	9	0
baseline	50	10000	9162	10230	642	895	19	19	4	19	15	15	177	0	268	0	270.3851	23.2936	0.0	52.6662	4700	1287	2688	0
baseline	51	10000	9007	10238	779	1044	22	22	4	22	18	18	192	0	277	0	278.2543219999867	38.38639541043151	0.0	62.94965683487131	9207	1287	2844	0
baseline	52	10000	8857	10254	895	1179	24	24	4	24	20	20	224	0	299	0	285.630037099994	51.734436352667984	0.27370309031608203	68.82026130006027	13562	1287	3011	0
baseline	53	10000	8700	10263	1013	1313	25	26	2	26	23	24	262	1	315	0	292.58405775621543	62.01876843310371	0.5324904273209081	80.8454998289749	17795	1287	3145	0
baseline	54	10000	8535	10278	1129	1452	29	30	6	30	23	24	307	1	343	0	299.1047704775512	71.97725019423142	0.7466965815187804	80.8454998289749	21887	1287	3274	0
baseline	55	10000	8473	10387	1142	1586	33	36	11	36	22	25	352	3	495	0	340.46200226907695	94.08015989701958	18.98809650224337	83.58647142627586	25861	2462	3720	0
baseline	56	10000	8338	10403	1220	1693	41	46	19	46	22	27	401	3	519	0	346.4429078588728	104.16634842125363	19.878446032284987	88.93653847365327	29850	2462	3842	0
baseline	57	10000	8194	10421	1303	1808	41	47	15	47	26	32	462	4	551	0	352.24584065006604	116.81442760492067	21.17223381541017	102.45308581870123	33840	2462	4010	0
baseline	58	10000	8047	10450	1386	1935	48	55	15	55	33	40	519	5	601	0	357.8549351249042	126.8024376161184	22.46891833299997	124.09608643368634	37816	2462	4165	0
baseline	59	10000	7912	10472	1452	2040	53	62	17	62	36	45	583	7	642	0	363.18354666121076	135.39326511861387	23.98824010372113	136.8734774985154	41710	2462	4310	0
baseline	60	10000	8049	10883	1235	2263	66	77	18	77	48	59	650	9	1198	0	541.6054526934159	151.79146561510805	46.01926311820645	171.60855817499592	45557	3570	7005	0
baseline	61	10000	7833	10912	1383	2453	71	82	14	82	57	68	713	9	1248	0	546.4955392054937	160.58022982425385	47.70735760530647	193.35287694830552	49355	3570	7163	0
baseline	62	10000	7616	10949	1508	2639	82	95	21	95	61	74	794	10	1307	0	551.1689838122153	169.19556067736295	50.297731876699295	207.13203746102036	53097	3570	7334	0
baseline	63	10000	7404	10987	1625	2816	88	103	16	103	72	87	883	10	1399	0	555.6767846567261	178.76216824308108	53.25463684066671	236.37301634022725	56818	3570	7528	0
baseline	64	10000	7193	11027	1726	2979	91	109	19	109	72	90	990	13	1479	0	559.9518177360474	186.31718134762204	56.17393226598685	243.3423047366302	60456	3570	7696	0
baseline	65	10000	7197	11290	1615	3152	97	118	15	118	82	103	1091	14	1888	0	586.2247763221305	203.0398768962041	95.02440830253404	272.27999725572084	64039	4574	8593	0
baseline	66	10000	6994	11329	1697	3304	107	132	23	132	84	108	1202	17	1976	0	590.1365892888406	210.89876218571925	98.22568326176898	282.97525057540093	67577	4574	8778	0
baseline	67	10000	6815	11377	1760	3442	107	137	19	137	88	117	1318	20	2074	0	593.8677711406938	218.51671233418872	101.94151664812082	301.56115786869685	71056	4574	8975	0
baseline	68	10000	6616	11426	1803	3580	122	152	24	152	98	127	1459	20	2174	0	597.345535067919	225.9161941785029	106.61789125222599	322.02948650896013	74399	4574	9194	0
baseline	69	10000	6429	11470	1829	3696	134	168	31	168	103	136	1608	22	2269	0	600.622092198508	233.9874847754205	110.3807108056508	338.69501686675034	77646	4574	9386	0
baseline	70	10000	6689	12003	1383	3814	133	173	20	173	113	152	1795	26	3106	0	713.1040487526965	246.65883632237413	146.0020144577824	368.49710355000275	80828	5449	12056	0
baseline	71	10000	6487	12062	1428	3957	139	185	25	185	114	158	1946	29	3206	0	716.0454910833749	252.77435679086176	150.3652187212262	379.8671159185153	83926	5449	12259	0
baseline	72	10000	6279	12106	1440	4064	149	199	28	199	121	169	2132	32	3300	0	718.7872514461534	259.5903332347332	154.99522491100757	398.6764621674333	86903	5449	12468	0
baseline	73	10000	6068	12159	1453	4169	149	208	22	208	127	184	2330	34	3427	0	721.3690374135588	265.67285186027334	159.73595485139273	423.36994923590527	89793	5449	12689	0
baseline	74	10000	5841	12211	1464	4284	149	217	15	217	134	200	2546	37	3561	0	723.8187770889782	272.2903863832884	163.85282326927663	449.87309314010747	92620	5449	12887	0
baseline	75	10000	5827	12491	1234	4385	156	226	17	226	139	207	2783	38	3983	0	738.0137807843565	281.842757969376	205.3669851318075	460.389572831757	95315	6181	14040	0
baseline	76	10000	5561	12512	1260	4495	165	241	28	241	137	211	3014	42	4012	0	738.0137807843565	281.9515252081083	209.88399099044028	465.8759155699195	95315	6181	14152	0
baseline	77	10000	5288	12539	1271	4596	165	251	31	251	134	217	3276	47	4051	0	738.0137807843565	282.13165608698444	214.81121748496597	474.5974390343515	95315	6181	14275	0
baseline	78	10000	5021	12557	1289	4700	173	267	40	267	133	220	3517	49	4092	0	738.0137807843565	282.2796760566697	219.59759627015194	479.51258398442224	95315	6181	14401	0
baseline	79	10000	4768	12585	1288	4800	173	282	43	282	130	229	3771	56	4145	0	738.0137807843565	282.6223590419342	224.12765289699774	491.88659410145607	95315	6181	14523	0
baseline	80	10000	4682	12738	1073	4802	169	292	38	292	131	242	4076	64	4375	0	738.0137807843565	284.1793612668055	256.49983591141915	509.9502656757529	95315	6181	15398	0
baseline	81	10000	4446	12750	988	4802	162	303	34	303	128	254	4404	68	4400	0	738.0137807843565	284.7335587469951	259.3180259645259	526.1647995215491	95315	6181	15493	0
baseline	82	10000	4174	12766	909	4802	165	314	33	314	132	266	4752	71	4433	0	738.0137807843565	285.1864160252332	262.1060134731234	541.0455056280343	95315	6181	15585	0
baseline	83	10000	3914	12776	820	4802	161	323	35	323	126	271	5105	72	4445	0	738.0137807843565	285.3343811135094	264.799490822349	547.7923829322658	95315	6181	15674	0
baseline	84	10000	3645	12780	760	4802	149	333	32	333	117	278	5446	79	4462	0	738.0137807843565	285.61080353164766	267.31704510689707	556.298527142136	95315	6181	15764	0
baseline	85	10000	3362	12791	664	4802	148	344	36	344	112	284	5826	81	4484	0	738.0137807843565	285.8303516831492	284.75831781014404	563.5271075089129	95315	6181	16382	0
baseline	86	10000	3075	12791	590	4802	138	355	32	355	106	294	6197	84	4495	0	738.0137807843565	286.1495461709861	286.51198609731694	575.1319873321497	95315	6181	16455	0
baseline	87	10000	2764	12791	544	4802	119	357	24	357	95	303	6573	89	4509	0	738.0137807843565	286.4847429015768	287.98066830864593	584.8129172551113	95315	6181	16519	0
baseline	88	10000	2482	12791	481	4802	112	366	22	366	90	310	6925	91	4518	0	738.0137807843565	286.72541453111256	289.43234559782024	592.791888516531	95315	6181	16582	0
baseline	89	10000	2186	12791	408	4802	98	375	22	375	76	317	7308	94	4526	0	738.0137807843565	286.98209452883464	290.65264805968513	599.3691956388071	95315	6181	16638	0
baseline	90	10000	1914	12792	352	4802	84	384	21	384	63	322	7650	97	4533	0	738.0137807843565	287.1582596637972	299.5432675515696	604.6991489605152	95315	6181	17010	0
baseline	91	10000	1641	12792	283	4802	83	390	21	390	62	328	7993	100	4534	0	738.0137807843565	287.3322709191448	300.3629065749942	610.1360164485704	95315	6181	17052	0
baseline	92	10000	1391	12792	235	4802	73	396	21	396	52	331	8301	105	4535	0	738.0137807843565	287.4115611636347	300.93139196575794	613.1138103560429	95315	6181	17080	0
baseline	93	10000	1142	12792	189	4802	58	396	17	396	41	333	8611	106	4536	0	738.0137807843565	287.46622600618053	301.59210641525414	614.9209108292137	95315	6181	17112	0
baseline	94	10000	934	12792	149	4802	41	398	10	398	31	338	8876	110	4539	0	738.0137807843565	287.6275608952134	302.0413736261298	619.2535981358251	95315	6181	17139	0
baseline	95	10000	740	12792	118	4802	34	398	8	398	26	339	9108	111	4540	0	738.0137807843565	287.65939069400076	305.4271874704352	619.9945293189998	95315	6181	17303	0
baseline	96	10000	581	12792	92	4802	31	401	6	401	25	341	9296	111	4540	0	738.0137807843565	287.6793332979818	305.70803993600083	622.0154395315745	95315	6181	17318	0
baseline	97	10000	440	12792	69	4802	27	403	7	403	20	341	9464	111	4540	0	738.0137807843565	287.6793332979818	305.9031673987897	622.0154395315745	95315	6181	17328	0
baseline	98	10000	316	12792	49	4802	13	404	3	404	10	342	9622	112	4540	0	738.0137807843565	287.69820383978805	306.0543334085683	622.8090173288045	95315	6181	17337	0
baseline	99	10000	223	12792	29	4802	12	406	4	406	8	342	9736	112	4540	0	738.0137807843565	287.69820383978805	306.2376831932914	622.8090173288045	95315	6181	17347	0
baseline	100	10000	0	12792	0	4802	0	406	0	406	0	342	10000	112	4540	0	738.0137807843565	287.69820383978805	306.95119310142803	622.8090173288045	95315	6181	17387	0
