description	age	n	num_state_healthy	tot_state_healthy	num_state_polyp	tot_state_polyp	num_state_cancer	tot_state_cancer	num_state_pre	tot_state_pre	num_state_clin	tot_state_clin	tot_state_dead	tot_state_dead_crc	tot_polyps_removed	tot_lesions_cured	tot_discounted_cost_routine	tot_discounted_cost_diagnostic	tot_discounted_cost_surveillance	tot_discounted_cost_treatment	tot_test0_performed	tot_test1_performed	tot_test2_performed	tot_test3_performed
baseline	1	10000	10000	10000	0	0	0	0	0	0	0	0	0	0	0	0	0.0	0.0	0.0	0.0	0	0	0	0
baseline	2	10000	10000	10000	0	0	0	0	0	0	0	0	0	0	0	0	0.0	0.0	0.0	0.0	0	0	0	0
baseline	3	10000	10000	10000	0	0	0	0	0	0	0	0	0	0	0	0	0.0	0.0	0.0	0.0	0	0	0	0
baseline	4	10000	10000	10000	0	0	0	0	0	0	0	0	0	0	0	0	0.0	0.0	0.0	0.0	0	0	0	0
baseline	5	10000	10000	10000	0	0	0	0	0	0	0	0	0	0	0	0	0.0	0.0	0.0	0.0	0	0	0	0
baseline	6	10000	10000	10000	0	0	0	0	0	0	0	0	0	0	0	0	0.0	0.0	0.0	0.0	0	0	0	0
baseline	7	10000	10000	10000	0	0	0	0	0	0	0	0	0	0	0	0	0.0	0.0	0.0	0.0	0	0	0	0
baseline	8	10000	10000	10000	0	0	0	0	0	0	0	0	0	0	0	0	0.0	0.0	0.0	0.0	0	0	0	0
baseline	9	10000	10000	10000	0	0	0	0	0	0	0	0	0	0	0	0	0.0	0.0	0.0	0.0	0	0	0	0
baseline	10	10000	10000	10000	0	0	0	0	0	0	0	0	0	0	0	0	0.0	0.0	0.0	0.0	0	0	0	0
baseline	11	10000	10000	10000	0	0	0	0	0	0	0	0	0	0	0	0	0.0	0.0	0.0	0.0	0	0	0	0
baseline	12	10000	10000	10000	0	0	0	0	0	0	0	0	0	0	0	0	0.0	0.0	0.0	0.0	0	0	0	0
baseline	13	10000	10000	10000	0	0	0	0	0	0	0	0	0	0	0	0	0.0	0.0	0.0	0.0	0	0	0	0
baseline	14	10000	10000	10000	0	0	0	0	0	0	0	0	0	0	0	0	0.0	0.0	0.0	0.0	0	0	0	0
baseline	15	10000	10000	10000	0	0	0	0	0	0	0	0	0	0	0	0	0.0	0.0	0.0	0.0	0	0	0	0
baseline	16	10000	10000	10000	0	0	0	0	0	0	0	0	0	0	0	0	0.0	0.0	0.0	0.0	0	0	0	0
baseline	17	10000	10000	10000	0	0	0	0	0	0	0	0	0	0	0	0	0.0	0.0	0.0	0.0	0	0	0	0
baseline	18	10000	10000	10000	0	0	0	0	0	0	0	0	0	0	0	0	0.0	0.0	0.0	0.0	0	0	0	0
baseline	19	10000	10000	10000	0	0	0	0	0	0	0	0	0	0	0	0	0.0	0.0	0.0	0.0	0	0	0	0
baseline	20	10000	10000	10000	0	0	0	0	0	0	0	0	0	0	0	0	0.0	0.0	0.0	0.0	0	0	0	0
baseline	21	10000	10000	10000	0	0	0	0	0	0	0	0	0	0	0	0	0.0	0.0	0.0	0.0	0	0	0	0
baseline	22	10000	10000	10000	0	0	0	0	0	0	0	0	0	0	0	0	0.0	0.0	0.0	0.0	0	0	0	0
baseline	23	10000	10000	10000	0	0	0	0	0	0	0	0	0	0	0	0	0.0	0.0	0.0	0.0	0	0	0	0
baseline	24	10000	10000	10000	0	0	0	0	0	0	0	0	0	0	0	0	0.0	0.0	0.0	0.0	0	0	0	0
baseline	25	10000	10000	10000	0	0	0	0	0	0	0	0	0	0	0	0	0.0	0.0	0.0	0.0	0	0	0	0
baseline	26	10000	10000	10000	0	0	0	0	0	0	0	0	0	0	0	0	0.0	0.0	0.0	0.0	0	0	0	0
baseline	27	10000	10000	10000	0	0	0	0	0	0	0	0	0	0	0	0	0.0	0.0	0.0	0.0	0	0	0	0
baseline	28	10000	10000	10000	0	0	0	0	0	0	0	0	0	0	0	0	0.0	0.0	0.0	0.0	0	0	0	0
baseline	29	10000	10000	10000	0	0	0	0	0	0	0	0	0	0	0	0	0.0	0.0	0.0	0.0	0	0	0	0
baseline	30	10000	10000	10000	0	0	0	0	0	0	0	0	0	0	0	0	0.0	0.0	0.0	0.0	0	0	0	0
baseline	31	10000	10000	10000	0	0	0	0	0	0	0	0	0	0	0	0	0.0	0.0	0.0	0.0	0	0	0	0
baseline	32	10000	10000	10000	0	0	0	0	0	0	0	0	0	0	0	0	0.0	0.0	0.0	0.0	0	0	0	0
baseline	33	10000	10000	10000	0	0	0	0	0	0	0	0	0	0	0	0	0.0	0.0	0.0	0.0	0	0	0	0
baseline	34	10000	10000	10000	0	0	0	0	0	0	0	0	0	0	0	0	0.0	0.0	0.0	0.0	0	0	0	0
baseline	35	10000	10000	10000	0	0	0	0	0	0	0	0	0	0	0	0	0.0	0.0	0.0	0.0	0	0	0	0
baseline	36	10000	10000	10000	0	0	0	0	0	0	0	0	0	0	0	0	0.0	0.0	0.0	0.0	0	0	0	0
baseline	37	10000	10000	10000	0	0	0	0	0	0	0	0	0	0	0	0	0.0	0.0	0.0	0.0	0	0	0	0
baseline	38	10000	10000	10000	0	0	0	0	0	0	0	0	0	0	0	0	0.0	0.0	0.0	0.0	0	0	0	0
baseline	39	10000	10000	10000	0	0	0	0	0	0	0	0	0	0	0	0	0.0	0.0	0.0	0.0	0	0	0	0
baseline	40	10000	9934	10000	66	66	0	0	0	0	0	0	0	0	0	0	0.0	0.0	0.0	0.0	0	0	0	0
baseline	41	10000	9854	10000	146	146	0	0	0	0	0	0	0	0	0	0	0.0	0.0	0.0	0.0	0	0	0	0
baseline	42	10000	9768	10000	232	232	0	0	0	0	0	0	0	0	0	0	0.0	0.0	0.0	0.0	0	0	0	0
baseline	43	10000	9626	10000	318	320	1	1	1	1	0	0	55	0	0	0	0.0	0.0	0.0	0.0	0	0	0	0
baseline	44	10000	9497	10000	390	393	2	2	2	2	0	0	111	0	0	0	0.0	0.0	0.0	0.0	0	0	0	0
baseline	45	10000	9362	10000	459	465	3	3	3	3	0	0	176	0	0	0	0.0	0.0	0.0	0.0	0	0	0	0
baseline	46	10000	9239	10000	525	539	9	9	7	9	2	2	227	0	0	0	0.0	0.1636	0.0	6.5154	0	0	2	0
baseline	47	10000	9092	10000	590	609	10	10	7	10	3	3	308	0	0	0	0.0	0.2454	0.0	9.9554	0	0	3	0
baseline	48	10000	8950	10000	641	669	11	11	7	11	4	4	398	0	1	0	0.0	0.3717	0.0	12.8954	0	0	4	0
baseline	49	10000	8785	10000	704	741	12	13	6	13	6	7	499	1	1	0	0.0	0.7807	0.0	24.1554	0	0	9	0
baseline	50	10000	8817	10261	581	884	12	14	5	14	7	9	590	2	311	0	270.2463	24.907166820602484	0.0	30.265911725027156	4764	1318	2730	0
baseline	51	10000	8593	10275	703	1031	12	16	5	16	7	11	692	4	332	0	278.2604399999867	37.29296577696933	0.07823855759593827	36.26948453576513	9354	1318	2878	0
baseline	52	10000	8375	10287	809	1163	19	24	10	24	9	14	797	5	352	0	285.64631681999333	50.37150268525688	0.2688275481800234	47.03021688037596	13715	1318	3041	0
baseline	53	10000	8156	10302	915	1294	18	25	4	25	14	21	911	6	370	0	292.49519754661725	63.67073866551439	0.2688275481800234	68.33927648109683	17884	1318	3181	0
baseline	54	10000	7920	10318	1010	1424	22	29	7	29	15	22	1048	6	392	0	298.95216918563284	74.56658063812729	0.4510902658356017	71.38468374749682	21936	1318	3323	0
baseline	55	10000	7814	10443	984	1538	23	33	6	33	17	27	1179	9	552	0	340.238813040244	90.8082460629818	20.687844730037025	86.02156118432491	25748	2499	3766	0
baseline	56	10000	7631	10467	1040	1639	25	37	9	37	16	28	1304	11	590	0	345.9708265949693	100.16796739119418	21.963374761184802	88.85327552322559	29571	2499	3907	0
baseline	57	10000	7406	10490	1102	1747	30	42	10	42	20	32	1462	11	621	0	351.4174389516114	113.5541031970652	23.037510546691262	100.37604163195952	33316	2499	4054	0
baseline	58	10000	7176	10511	1170	1865	38	51	17	51	21	34	1616	12	658	0	356.5948475840784	121.39900074873346	24.36532854625061	105.59313374732434	36986	2499	4183	0
baseline	59	10000	6928	10531	1214	1957	42	56	12	56	30	43	1816	12	689	0	361.48419761468614	129.098258915311	25.686773778352492	128.51777946121308	40559	2499	4315	0
baseline	60	10000	6954	10898	1012	2151	47	65	13	65	34	51	1987	15	1165	0	526.0721745111674	142.82635186315477	47.943642054203735	149.95906728702562	44088	3506	6791	0
baseline	61	10000	6669	10930	1110	2316	51	73	15	73	36	57	2170	18	1234	0	530.4794325761709	151.4796314087376	50.191272268935364	164.8413412569897	47511	3506	6951	0
baseline	62	10000	6356	10959	1199	2473	60	83	16	83	44	66	2385	19	1297	0	534.6046029492315	159.93631848628334	52.01686235922688	186.0348014614925	50814	3506	7110	0
baseline	63	10000	6078	10986	1272	2613	64	89	16	89	48	72	2586	21	1349	0	538.515159553925	166.82143131016056	54.174603007033475	199.0487996536157	54042	3506	7254	0
baseline	64	10000	5799	11017	1325	2741	70	97	19	97	51	76	2806	21	1394	0	542.1274332443686	173.5002977676874	56.556455828030465	208.0924751136501	57116	3506	7403	0
baseline	65	10000	5710	11241	1200	2883	72	104	16	104	56	85	3018	24	1717	0	564.2731138801321	187.52110272680045	91.85532039274473	226.98812135080215	60064	4356	8152	0
baseline	66	10000	5456	11281	1227	3008	78	113	16	113	62	94	3239	25	1804	0	567.4054389605928	193.85967763582838	95.5869779291929	247.43439395942642	62897	4356	8322	0
baseline	67	10000	5221	11315	1256	3117	75	116	10	116	65	103	3448	28	1871	0	570.3247482450873	199.88803994337124	98.48103776494736	265.624081110679	65619	4356	8478	0
baseline	68	10000	5007	11356	1272	3222	78	125	15	125	63	106	3643	29	1952	0	573.0555679606007	204.9529371690847	101.36031937192682	271.3514029770756	68244	4356	8616	0
baseline	69	10000	4771	11392	1284	3325	82	133	13	133	69	115	3863	30	2033	0	575.5863980448408	210.26920531583693	104.16771988267715	289.1300770986336	70752	4356	8766	0
baseline	70	10000	4866	11798	922	3416	78	136	8	136	70	123	4134	34	2688	0	660.7925548082125	219.71639461004347	132.4482030853853	303.6530486915905	73180	5044	10824	0
baseline	71	10000	4605	11840	926	3514	73	139	9	139	64	125	4396	39	2753	0	662.9430928582377	223.84332513222233	136.62066076916517	307.2427459392607	75445	5044	10989	0
baseline	72	10000	4306	11873	946	3605	74	144	10	144	64	128	4674	41	2829	0	664.9379376502358	227.8476480805967	139.58090900739606	312.42976195645116	77611	5044	11129	0
baseline	73	10000	4074	11908	892	3666	80	155	15	155	65	134	4954	44	2890	0	666.7434011243271	231.1258619878832	142.58670886261675	322.54484467710466	79632	5044	11260	0
baseline	74	10000	3818	11944	864	3726	81	160	14	160	67	139	5237	46	2966	0	668.4063124922552	235.16997868544348	145.75514188446192	330.8043841171811	81551	5044	11415	0
baseline	75	10000	3718	12121	711	3793	82	164	10	164	72	147	5489	47	3232	0	677.8978068639005	241.38072132645271	174.56518463170937	342.87851993707733	83323	5535	12189	0
baseline	76	10000	3419	12134	717	3867	82	172	12	172	70	152	5782	49	3260	0	677.8978068639005	241.62965154352378	177.76021273806217	350.7233029421155	83323	5535	12271	0
baseline	77	10000	3147	12149	708	3926	79	178	17	178	62	153	6066	51	3283	0	677.8978068639005	241.6850254979575	180.3711636526953	352.15158268367327	83323	5535	12335	0
baseline	78	10000	2888	12160	693	3984	80	186	18	186	62	158	6339	52	3308	0	677.8978068639005	241.9325529488869	182.6791826004618	359.91541794005155	83323	5535	12399	0
baseline	79	10000	2614	12177	668	4036	80	190	18	190	62	161	6638	52	3338	0	677.8978068639005	242.10014625993696	185.5210440496845	364.0411695250101	83323	5535	12476	0
baseline	80	10000	2480	12254	541	4037	79	198	17	198	62	168	6900	52	3460	0	677.8978068639005	242.370797181741	205.12642502403287	373.62976692966174	83323	5535	12970	0
baseline	81	10000	2262	12261	482	4037	81	205	19	205	62	172	7175	53	3478	0	677.8978068639005	242.650273382287	206.8108620027337	379.36007045346673	83323	5535	13024	0
baseline	82	10000	2069	12269	415	4037	71	211	19	211	52	176	7445	57	3491	0	677.8978068639005	242.76074168368854	208.34122631474673	384.4257497657006	83323	5535	13072	0
baseline	83	10000	1892	12271	375	4037	66	212	11	212	55	182	7667	58	3500	0	677.8978068639005	242.9181345392658	209.55883674264481	392.4424090747963	83323	5535	13115	0
baseline	84	10000	1688	12273	320	4037	63	218	13	218	50	185	7929	59	3508	0	677.8978068639005	243.0421264265166	211.0560470412658	396.56685619514883	83323	5535	13168	0
baseline	85	10000	1510	12275	290	4037	58	223	9	223	49	192	8142	60	3517	0	677.8978068639005	243.27485659839735	218.98839102699748	404.13830913546997	83323	5535	13455	0
baseline	86	10000	1325	12276	240	4037	51	226	6	226	45	196	8384	62	3523	0	677.8978068639005	243.4309273623728	219.57625537082376	408.6724693357052	83323	5535	13480	0
baseline	87	10000	1129	12276	204	4037	43	229	7	229	36	198	8624	66	3531	0	677.8978068639005	243.55840615985986	220.2663578994219	410.658621943733	83323	5535	13508	0
baseline	88	10000	966	12276	174	4037	43	234	9	234	34	200	8817	67	3531	0	677.8978068639005	243.60872683501057	220.75470125370998	412.62002015184464	83323	5535	13529	0
baseline	89	10000	812	12276	136	4037	40	238	10	238	30	201	9012	67	3531	0	677.8978068639005	243.63291986291088	221.27793735782058	413.8503746269697	83323	5535	13551	0
baseline	90	10000	681	12276	114	4037	32	238	7	238	25	203	9173	68	3531	0	677.8978068639005	243.68030956579926	224.54334391551097	415.79065592448114	83323	5535	13688	0
baseline	91	10000	573	12276	95	4037	27	239	5	239	22	203	9305	68	3531	0	677.8978068639005	243.68030956579926	224.84747093353133	415.79065592448114	83323	5535	13701	0
baseline	92	10000	471	12276	73	4037	24	241	5	241	19	205	9432	68	3532	0	677.8978068639005	243.71486339333677	225.0974336850207	418.0664108435951	83323	5535	13713	0
baseline	93	10000	365	12276	56	4037	19	241	4	241	15	206	9560	68	3532	0	677.8978068639005	243.73628657525154	225.27404879826116	418.919592991807	83323	5535	13722	0
baseline	94	10000	292	12276	42	4037	12	241	2	241	10	206	9654	68	3532	0	677.8978068639005	243.73628657525154	225.46678004058484	418.919592991807	83323	5535	13731	0
baseline	95	10000	231	12276	27	4037	9	242	2	242	7	207	9733	70	3532	0	677.8978068639005	243.75699526049505	226.6087574812729	419.66389048099944	83323	5535	13787	0
baseline	96	10000	185	12276	23	4037	7	242	0	242	7	209	9785	70	3537	0	677.8978068639005	243.81257823547452	226.67935638780034	421.46891982614	83323	5535	13792	0
baseline	97	10000	133	12276	19	4037	6	242	0	242	6	209	9842	71	3537	0	677.8978068639005	243.81257823547452	226.7184454102726	421.46891982614	83323	5535	13794	0
baseline	98	10000	101	12276	11	4037	4	242	0	242	4	209	9884	72	3537	0	677.8978068639005	243.81257823547452	226.7374035861717	421.46891982614	83323	5535	13795	0
baseline	99	10000	75	12276	7	4037	1	242	0	242	1	209	9917	72	3537	0	677.8978068639005	243.81257823547452	226.79257187803793	421.46891982614	83323	5535	13798	0
baseline	100	10000	0	12276	0	4037	0	242	0	242	0	209	10000	72	3537	0	677.8978068639005	243.81257823547452	227.00662485047891	421.46891982614	83323	5535	13810	0
