description	age	n	num_state_healthy	tot_state_healthy	num_state_polyp	tot_state_polyp	num_state_cancer	tot_state_cancer	num_state_pre	tot_state_pre	num_state_clin	tot_state_clin	tot_state_dead	tot_state_dead_crc	tot_polyps_removed	tot_lesions_cured	tot_discounted_cost_routine	tot_discounted_cost_diagnostic	tot_discounted_cost_surveillance	tot_discounted_cost_treatment	tot_test0_performed	tot_test1_performed	tot_test2_performed	tot_test3_performed
baseline	1	10000	10000	10000	0	0	0	0	0	0	0	0	0	0	0	0	0.0	0.0	0.0	0.0	0	0	0	0
baseline	2	10000	10000	10000	0	0	0	0	0	0	0	0	0	0	0	0	0.0	0.0	0.0	0.0	0	0	0	0
baseline	3	10000	10000	10000	0	0	0	0	0	0	0	0	0	0	0	0	0.0	0.0	0.0	0.0	0	0	0	0
baseline	4	10000	10000	10000	0	0	0	0	0	0	0	0	0	0	0	0	0.0	0.0	0.0	0.0	0	0	0	0
baseline	5	10000	10000	10000	0	0	0	0	0	0	0	0	0	0	0	0	0.0	0.0	0.0	0.0	0	0	0	0
baseline	6	10000	10000	10000	0	0	0	0	0	0	0	0	0	0	0	0	0.0	0.0	0.0	0.0	0	0	0	0
baseline	7	10000	10000	10000	0	0	0	0	0	0	0	0	0	0	0	0	0.0	0.0	0.0	0.0	0	0	0	0
baseline	8	10000	10000	10000	0	0	0	0	0	0	0	0	0	0	0	0	0.0	0.0	0.0	0.0	0	0	0	0
baseline	9	10000	10000	10000	0	0	0	0	0	0	0	0	0	0	0	0	0.0	0.0	0.0	0.0	0	0	0	0
baseline	10	10000	10000	10000	0	0	0	0	0	0	0	0	0	0	0	0	0.0	0.0	0.0	0.0	0	0	0	0
baseline	11	10000	10000	10000	0	0	0	0	0	0	0	0	0	0	0	0	0.0	0.0	0.0	0.0	0	0	0	0
baseline	12	10000	10000	10000	0	0	0	0	0	0	0	0	0	0	0	0	0.0	0.0	0.0	0.0	0	0	0	0
baseline	13	10000	10000	10000	0	0	0	0	0	0	0	0	0	0	0	0	0.0	0.0	0.0	0.0	0	0	0	0
baseline	14	10000	10000	10000	0	0	0	0	0	0	0	0	0	0	0	0	0.0	0.0	0.0	0.0	0	0	0	0
baseline	15	10000	10000	10000	0	0	0	0	0	0	0	0	0	0	0	0	0.0	0.0	0.0	0.0	0	0	0	0
baseline	16	10000	10000	10000	0	0	0	0	0	0	0	0	0	0	0	0	0.0	0.0	0.0	0.0	0	0	0	0
baseline	17	10000	10000	10000	0	0	0	0	0	0	0	0	0	0	0	0	0.0	0.0	0.0	0.0	0	0	0	0
baseline	18	10000	10000	10000	0	0	0	0	0	0	0	0	0	0	0	0	0.0	0.0	0.0	0.0	0	0	0	0
baseline	19	10000	10000	10000	0	0	0	0	0	0	0	0	0	0	0	0	0.0	0.0	0.0	0.0	0	0	0	0
baseline	20	10000	10000	10000	0	0	0	0	0	0	0	0	0	0	0	0	0.0	0.0	0.0	0.0	0	0	0	0
baseline	21	10000	10000	10000	0	0	0	0	0	0	0	0	0	0	0	0	0.0	0.0	0.0	0.0	0	0	0	0
baseline	22	10000	10000	10000	0	0	0	0	0	0	0	0	0	0	0	0	0.0	0.0	0.0	0.0	0	0	0	0
baseline	23	10000	10000	10000	0	0	0	0	0	0	0	0	0	0	0	0	0.0	0.0	0.0	0.0	0	0	0	0
baseline	24	10000	10000	10000	0	0	0	0	0	0	0	0	0	0	0	0	0.0	0.0	0.0	0.0	0	0	0	0
baseline	25	10000	10000	10000	0	0	0	0	0	0	0	0	0	0	0	0	0.0	0.0	0.0	0.0	0	0	0	0
baseline	26	10000	10000	10000	0	0	0	0	0	0	0	0	0	0	0	0	0.0	0.0	0.0	0.0	0	0	0	0
baseline	27	10000	10000	10000	0	0	0	0	0	0	0	0	0	0	0	0	0.0	0.0	0.0	0.0	0	0	0	0
baseline	28	10000	10000	10000	0	0	0	0	0	0	0	0	0	0	0	0	0.0	0.0	0.0	0.0	0	0	0	0
baseline	29	10000	10000	10000	0	0	0	0	0	0	0	0	0	0	0	0	0.0	0.0	0.0	0.0	0	0	0	0
baseline	30	10000	10000	10000	0	0	0	0	0	0	0	0	0	0	0	0	0.0	0.0	0.0	0.0	0	0	0	0
baseline	31	10000	10000	10000	0	0	0	0	0	0	0	0	0	0	0	0	0.0	0.0	0.0	0.0	0	0	0	0
baseline	32	10000	10000	10000	0	0	0	0	0	0	0	0	0	0	0	0	0.0	0.0	0.0	0.0	0	0	0	0
baseline	33	10000	10000	10000	0	0	0	0	0	0	0	0	0	0	0	0	0.0	0.0	0.0	0.0	0	0	0	0
baseline	34	10000	10000	10000	0	0	0	0	0	0	0	0	0	0	0	0	0.0	0.0	0.0	0.0	0	0	0	0
baseline	35	10000	10000	10000	0	0	0	0	0	0	0	0	0	0	0	0	0.0	0.0	0.0	0.0	0	0	0	0
baseline	36	10000	10000	10000	0	0	0	0	0	0	0	0	0	0	0	0	0.0	0.0	0.0	0.0	0	0	0	0
baseline	37	10000	10000	10000	0	0	0	0	0	0	0	0	0	0	0	0	0.0	0.0	0.0	0.0	0	0	0	0
baseline	38	10000	10000	10000	0	0	0	0	0	0	0	0	0	0	0	0	0.0	0.0	0.0	0.0	0	0	0	0
baseline	39	10000	10000	10000	0	0	0	0	0	0	0	0	0	0	0	0	0.0	0.0	0.0	0.0	0	0	0	0
baseline	40	10000	9934	10000	66	66	0	0	0	0	0	0	0	0	0	0	0.0	0.0	0.0	0.0	0	0	0	0
baseline	41	10000	9854	10000	146	146	0	0	0	0	0	0	0	0	0	0	0.0	0.0	0.0	0.0	0	0	0	0
baseline	42	10000	9768	10000	232	232	0	0	0	0	0	0	0	0	0	0	0.0	0.0	0.0	0.0	0	0	0	0
baseline	43	10000	9657	10000	318	320	1	1	1	1	0	0	24	0	0	0	0.0	0.0	0.0	0.0	0	0	0	0
baseline	44	10000	9565	10000	390	393	2	2	2	2	0	0	43	0	0	0	0.0	0.0	0.0	0.0	0	0	0	0
baseline	45	10000	9477	10000	462	466	3	3	3	3	0	0	58	0	0	0	0.0	0.0	0.0	0.0	0	0	0	0
baseline	46	10000	9384	10000	529	540	10	10	10	10	0	0	77	0	0	0	0.0	0.0	0.0	0.0	0	0	0	0
baseline	47	10000	9292	10000	598	610	11	11	8	11	3	3	99	0	0	0	0.0	0.2454	0.0	10.32	0	0	3	0
baseline	48	10000	9203	10000	654	671	14	14	8	14	6	6	129	0	5	0	0.0	0.5993	0.0	21.36	0	0	6	0
baseline	49	10000	9106	10000	722	744	19	19	10	19	9	9	153	0	6	0	0.0	0.8892	0.0	33.12	0	0	9	0
baseline	50	10000	9126	10190	678	891	19	19	6	19	13	13	177	0	225	0	227.1028	19.948675070908912	0.0	46.28999784751419	3815	1052	2229	0
baseline	51	10000	8973	10200	811	1040	24	24	7	24	17	17	192	0	239	0	233.6520459999896	29.1704650709089	0.0	60.1587668475142	7566	1052	2339	0
baseline	52	10000	8811	10207	939	1178	26	26	8	26	18	18	224	0	254	0	239.85408244000305	38.115601370909005	0.2677273036705733	63.2239367775142	11228	1052	2452	0
baseline	53	10000	8659	10219	1051	1310	29	29	7	29	22	22	261	0	273	0	245.63513575660693	46.920157801909134	0.5265146406753994	75.94030095381419	14747	1052	2565	0
baseline	54	10000	8493	10235	1164	1451	37	37	14	37	23	23	306	0	294	0	251.21088693254842	55.6102076001698	2.843515213476963	78.767634413707	18246	1052	2678	0
baseline	55	10000	8437	10347	1170	1581	41	44	14	44	27	30	352	3	438	0	285.44775380317975	72.25545881982148	18.44239738285873	100.52980021935778	21627	2020	3069	0
baseline	56	10000	8298	10360	1258	1689	43	48	10	48	33	37	401	3	463	0	290.52305222921063	80.13370426350875	19.544585939780784	120.98621026861427	25012	2020	3191	0
baseline	57	10000	8159	10383	1329	1805	48	56	15	56	33	40	464	6	500	0	295.38646256851314	88.12622090030077	20.501016758651254	129.5041107525384	28356	2020	3311	0
baseline	58	10000	8006	10404	1416	1931	56	66	18	66	38	47	522	8	539	0	299.9713612212231	95.41152579989945	21.84079853538735	147.24352611037475	31606	2020	3430	0
baseline	59	10000	7870	10424	1481	2036	62	75	21	75	41	53	587	11	568	0	304.49397578915784	102.96830444534646	23.13784211959854	162.11760786474605	34911	2020	3559	0
baseline	60	10000	7975	10783	1308	2239	63	77	10	77	53	66	654	12	1076	0	457.87863663778575	117.12341764080233	41.10891858250731	194.3014395813986	38202	2928	5860	0
baseline	61	10000	7753	10808	1460	2433	67	84	9	84	58	74	720	15	1128	0	461.9498461036042	124.61145764759297	42.88529072507511	214.36003212132346	41364	2928	5999	0
baseline	62	10000	7529	10831	1590	2614	80	99	20	99	60	78	801	16	1169	0	465.9064127829441	130.86047955257862	45.01675214992582	223.37211051728838	44532	2928	6130	0
baseline	63	10000	7302	10857	1721	2791	84	107	22	107	62	84	893	19	1232	0	469.7321679742812	137.4133154394513	47.35581784770988	236.80368251489094	47690	2928	6269	0
baseline	64	10000	7099	10899	1811	2952	92	116	23	116	69	92	998	20	1325	0	473.3620682442178	145.59042855709194	49.6930110259238	254.51701982114952	50779	2928	6435	0
baseline	65	10000	7125	11168	1676	3108	99	127	22	127	77	104	1100	23	1780	0	495.5492901579953	163.76465512270855	84.3176086715963	280.32154805024715	53841	3774	7244	0
baseline	66	10000	6929	11211	1755	3258	105	136	22	136	83	113	1211	26	1876	0	498.883950391913	169.5148536619781	87.10865251106539	299.30090110919514	56857	3774	7381	0
baseline	67	10000	6752	11267	1807	3405	117	152	35	152	82	116	1324	27	1986	0	502.0563665798366	177.26858168380718	89.87208217969552	305.5465098866548	59815	3774	7557	0
baseline	68	10000	6551	11305	1851	3538	130	170	36	170	94	131	1468	29	2107	0	505.0514256125859	184.3882034181072	93.26392632626353	334.688351566119	62694	3774	7743	0
baseline	69	10000	6361	11351	1885	3664	138	183	32	183	106	148	1616	30	2228	0	507.83554052582605	191.32191525507855	98.46366904848996	367.41983286690805	65453	3774	7934	0
baseline	70	10000	6592	11845	1465	3785	140	192	26	192	114	162	1803	34	2990	0	600.0251586204914	202.7797459364164	134.50112666714307	393.81699347854163	68204	4521	10251	0
baseline	71	10000	6389	11888	1507	3912	149	207	28	207	121	175	1955	38	3114	0	602.5184535076332	210.230498168876	138.26098791633808	416.8975405446694	70830	4521	10438	0
baseline	72	10000	6176	11936	1531	4034	153	220	28	220	125	186	2140	41	3226	0	604.8448514506539	215.60451441595285	143.7754700074411	435.90451582394036	73356	4521	10628	0
baseline	73	10000	5972	11988	1529	4134	162	234	29	234	133	199	2337	42	3349	0	607.0451763079976	221.46823885657298	149.1854552992675	457.65867663712737	75819	4521	10832	0
baseline	74	10000	5742	12034	1537	4242	165	245	29	245	136	210	2556	48	3444	0	609.0815711566837	225.49068689179634	154.09010983508742	475.92035867416195	78169	4521	11024	0
baseline	75	10000	5727	12307	1307	4333	174	257	26	257	148	225	2792	49	3859	0	620.9622949102929	234.79133230310762	194.61905305286496	499.18351012764015	80418	5134	12121	0
baseline	76	10000	5463	12334	1336	4443	179	270	31	270	148	233	3022	53	3913	0	620.9622949102929	235.1750369389344	199.27048505194415	511.61591405098585	80418	5134	12234	0
baseline	77	10000	5190	12357	1337	4543	189	288	45	288	144	236	3284	57	3954	0	620.9622949102929	235.32575558856465	203.6119543767846	517.0347991160451	80418	5134	12341	0
baseline	78	10000	4956	12379	1330	4624	187	294	39	294	148	248	3527	61	4010	0	620.9622949102929	235.9211887774149	207.92058919340266	534.0622995903975	80418	5134	12460	0
baseline	79	10000	4713	12400	1323	4702	186	305	42	305	144	256	3778	67	4059	0	620.9622949102929	236.29979826535313	212.77585078264377	544.521189950175	80418	5134	12566	0
baseline	80	10000	4598	12515	1127	4703	196	323	46	323	150	268	4079	71	4225	0	620.9622949102929	236.62905168051253	242.74918333811513	560.3166798210004	80418	5134	13384	0
baseline	81	10000	4368	12534	1037	4703	178	334	41	334	137	280	4417	85	4261	0	620.9622949102929	237.12814106698005	245.60535131260747	575.461966961072	80418	5134	13474	0
baseline	82	10000	4106	12551	947	4703	179	346	40	346	139	293	4768	91	4299	0	620.9622949102929	237.7004493726926	248.23336325058625	591.161847067237	80418	5134	13562	0
baseline	83	10000	3841	12554	865	4703	174	356	34	356	140	306	5120	96	4329	0	620.9622949102929	238.27631910339687	250.6751657115709	607.904874223565	80418	5134	13653	0
baseline	84	10000	3582	12558	791	4703	164	368	36	368	128	313	5463	104	4345	0	620.9622949102929	238.55041724683613	252.80414974239125	616.4078670002816	80418	5134	13730	0
baseline	85	10000	3303	12568	698	4703	157	376	33	376	124	324	5842	106	4361	0	620.9622949102929	238.91959916706458	270.7137755521556	629.243484698856	80418	5134	14313	0
baseline	86	10000	3012	12569	623	4703	155	389	33	389	122	336	6210	108	4377	0	620.9622949102929	239.45383797740993	272.19979802721895	642.3653083908757	80418	5134	14381	0
baseline	87	10000	2696	12569	569	4703	148	398	32	398	116	343	6587	111	4382	0	620.9622949102929	239.62858708750304	273.5896038366536	650.2640658077686	80418	5134	14438	0
baseline	88	10000	2420	12569	498	4703	140	410	28	410	112	355	6942	113	4398	0	620.9622949102929	240.0463312172752	274.8720997900031	662.6716248714976	80418	5134	14500	0
baseline	89	10000	2130	12569	430	4703	116	413	19	413	97	363	7324	115	4403	0	620.9622949102929	240.2727143220713	275.99420832575987	671.150435082777	80418	5134	14552	0
baseline	90	10000	1863	12569	366	4703	103	421	22	421	81	366	7668	120	4406	0	620.9622949102929	240.36029553611218	284.04788273122506	674.0772759254052	80418	5134	14888	0
baseline	91	10000	1596	12569	302	4703	94	428	20	428	74	372	8008	123	4417	0	620.9622949102929	240.5850736885409	284.8097292301855	680.5025556408011	80418	5134	14927	0
baseline	92	10000	1353	12569	255	4703	81	433	18	433	63	376	8311	126	4420	0	620.9622949102929	240.6908306266027	285.44559957431966	684.0011544654949	80418	5134	14959	0
baseline	93	10000	1112	12569	204	4703	67	436	14	436	53	379	8617	126	4421	0	620.9622949102929	240.76790848383953	285.9302749393299	686.9371644667652	80418	5134	14984	0
baseline	94	10000	904	12569	163	4703	59	443	12	443	47	383	8874	127	4424	0	620.9622949102929	240.8976486307777	286.37881472885294	690.5427612760058	80418	5134	15010	0
baseline	95	10000	714	12569	133	4703	46	444	9	444	37	386	9107	129	4425	0	620.9622949102929	240.97057829226196	289.1827115900894	692.9655486633189	80418	5134	15148	0
baseline	96	10000	561	12569	100	4703	43	449	10	449	33	390	9296	130	4427	0	620.9622949102929	241.07090243821162	289.363929708622	696.339226891457	80418	5134	15161	0
baseline	97	10000	431	12569	73	4703	28	451	6	451	22	391	9468	132	4428	0	620.9622949102929	241.10069383751866	289.63755286592783	697.3204796318937	80418	5134	15176	0
baseline	98	10000	305	12569	45	4703	24	454	6	454	18	392	9626	132	4431	0	620.9622949102929	241.13285834311023	289.7699164342759	698.0726857328685	80418	5134	15184	0
baseline	99	10000	215	12569	27	4703	21	455	4	455	17	393	9737	132	4434	0	620.9622949102929	241.18174542117836	289.8981560259108	698.8443585423328	80418	5134	15193	0
baseline	100	10000	0	12569	0	4703	0	455	0	455	0	393	10000	132	4434	0	620.9622949102929	241.18174542117836	290.50463944782706	698.8443585423328	80418	5134	15227	0
