description	age	n	num_state_healthy	tot_state_healthy	num_state_polyp	tot_state_polyp	num_state_cancer	tot_state_cancer	num_state_pre	tot_state_pre	num_state_clin	tot_state_clin	tot_state_dead	tot_state_dead_crc	tot_polyps_removed	tot_lesions_cured	tot_discounted_cost_routine	tot_discounted_cost_diagnostic	tot_discounted_cost_surveillance	tot_discounted_cost_treatment	tot_test0_performed	tot_test1_performed	tot_test2_performed	tot_test3_performed
baseline	1	10000	10000	10000	0	0	0	0	0	0	0	0	0	0	0	0	0.0	0.0	0.0	0.0	0	0	0	0
baseline	2	10000	10000	10000	0	0	0	0	0	0	0	0	0	0	0	0	0.0	0.0	0.0	0.0	0	0	0	0
baseline	3	10000	10000	10000	0	0	0	0	0	0	0	0	0	0	0	0	0.0	0.0	0.0	0.0	0	0	0	0
baseline	4	10000	10000	10000	0	0	0	0	0	0	0	0	0	0	0	0	0.0	0.0	0.0	0.0	0	0	0	0
baseline	5	10000	10000	10000	0	0	0	0	0	0	0	0	0	0	0	0	0.0	0.0	0.0	0.0	0	0	0	0
baseline	6	10000	10000	10000	0	0	0	0	0	0	0	0	0	0	0	0	0.0	0.0	0.0	0.0	0	0	0	0
baseline	7	10000	10000	10000	0	0	0	0	0	0	0	0	0	0	0	0	0.0	0.0	0.0	0.0	0	0	0	0
baseline	8	10000	10000	10000	0	0	0	0	0	0	0	0	0	0	0	0	0.0	0.0	0.0	0.0	0	0	0	0
baseline	9	10000	10000	10000	0	0	0	0	0	0	0	0	0	0	0	0	0.0	0.0	0.0	0.0	0	0	0	0
baseline	10	10000	10000	10000	0	0	0	0	0	0	0	0	0	0	0	0	0.0	0.0	0.0	0.0	0	0	0	0
baseline	11	10000	10000	10000	0	0	0	0	0	0	0	0	0	0	0	0	0.0	0.0	0.0	0.0	0	0	0	0
baseline	12	10000	10000	10000	0	0	0	0	0	0	0	0	0	0	0	0	0.0	0.0	0.0	0.0	0	0	0	0
baseline	13	10000	10000	10000	0	0	0	0	0	0	0	0	0	0	0	0	0.0	0.0	0.0	0.0	0	0	0	0
baseline	14	10000	10000	10000	0	0	0	0	0	0	0	0	0	0	0	0	0.0	0.0	0.0	0.0	0	0	0	0
baseline	15	10000	10000	10000	0	0	0	0	0	0	0	0	0	0	0	0	0.0	0.0	0.0	0.0	0	0	0	0
baseline	16	10000	10000	10000	0	0	0	0	0	0	0	0	0	0	0	0	0.0	0.0	0.0	0.0	0	0	0	0
baseline	17	10000	10000	10000	0	0	0	0	0	0	0	0	0	0	0	0	0.0	0.0	0.0	0.0	0	0	0	0
baseline	18	10000	10000	10000	0	0	0	0	0	0	0	0	0	0	0	0	0.0	0.0	0.0	0.0	0	0	0	0
baseline	19	10000	10000	10000	0	0	0	0	0	0	0	0	0	0	0	0	0.0	0.0	0.0	0.0	0	0	0	0
baseline	20	10000	10000	10000	0	0	0	0	0	0	0	0	0	0	0	0	0.0	0.0	0.0	0.0	0	0	0	0
baseline	21	10000	10000	10000	0	0	0	0	0	0	0	0	0	0	0	0	0.0	0.0	0.0	0.0	0	0	0	0
baseline	22	10000	10000	10000	0	0	0	0	0	0	0	0	0	0	0	0	0.0	0.0	0.0	0.0	0	0	0	0
baseline	23	10000	10000	10000	0	0	0	0	0	0	0	0	0	0	0	0	0.0	0.0	0.0	0.0	0	0	0	0
baseline	24	10000	10000	10000	0	0	0	0	0	0	0	0	0	0	0	0	0.0	0.0	0.0	0.0	0	0	0	0
baseline	25	10000	10000	10000	0	0	0	0	0	0	0	0	0	0	0	0	0.0	0.0	0.0	0.0	0	0	0	0
baseline	26	10000	10000	10000	0	0	0	0	0	0	0	0	0	0	0	0	0.0	0.0	0.0	0.0	0	0	0	0
baseline	27	10000	10000	10000	0	0	0	0	0	0	0	0	0	0	0	0	0.0	0.0	0.0	0.0	0	0	0	0
baseline	28	10000	10000	10000	0	0	0	0	0	0	0	0	0	0	0	0	0.0	0.0	0.0	0.0	0	0	0	0
baseline	29	10000	10000	10000	0	0	0	0	0	0	0	0	0	0	0	0	0.0	0.0	0.0	0.0	0	0	0	0
baseline	30	10000	10000	10000	0	0	0	0	0	0	0	0	0	0	0	0	0.0	0.0	0.0	0.0	0	0	0	0
baseline	31	10000	10000	10000	0	0	0	0	0	0	0	0	0	0	0	0	0.0	0.0	0.0	0.0	0	0	0	0
baseline	32	10000	10000	10000	0	0	0	0	0	0	0	0	0	0	0	0	0.0	0.0	0.0	0.0	0	0	0	0
baseline	33	10000	10000	10000	0	0	0	0	0	0	0	0	0	0	0	0	0.0	0.0	0.0	0.0	0	0	0	0
baseline	34	10000	10000	10000	0	0	0	0	0	0	0	0	0	0	0	0	0.0	0.0	0.0	0.0	0	0	0	0
baseline	35	10000	10000	10000	0	0	0	0	0	0	0	0	0	0	0	0	0.0	0.0	0.0	0.0	0	0	0	0
baseline	36	10000	10000	10000	0	0	0	0	0	0	0	0	0	0	0	0	0.0	0.0	0.0	0.0	0	0	0	0
baseline	37	10000	10000	10000	0	0	0	0	0	0	0	0	0	0	0	0	0.0	0.0	0.0	0.0	0	0	0	0
baseline	38	10000	10000	10000	0	0	0	0	0	0	0	0	0	0	0	0	0.0	0.0	0.0	0.0	0	0	0	0
baseline	39	10000	10000	10000	0	0	0	0	0	0	0	0	0	0	0	0	0.0	0.0	0.0	0.0	0	0	0	0
baseline	40	10000	9934	10000	66	66	0	0	0	0	0	0	0	0	0	0	0.0	0.0	0.0	0.0	0	0	0	0
baseline	41	10000	9854	10000	146	146	0	0	0	0	0	0	0	0	0	0	0.0	0.0	0.0	0.0	0	0	0	0
baseline	42	10000	9768	10000	232	232	0	0	0	0	0	0	0	0	0	0	0.0	0.0	0.0	0.0	0	0	0	0
baseline	43	10000	9657	10000	318	320	1	1	1	1	0	0	24	0	0	0	0.0	0.0	0.0	0.0	0	0	0	0
baseline	44	10000	9565	10000	390	393	2	2	2	2	0	0	43	0	0	0	0.0	0.0	0.0	0.0	0	0	0	0
baseline	45	10000	9477	10000	462	466	3	3	3	3	0	0	58	0	0	0	0.0	0.0	0.0	0.0	0	0	0	0
baseline	46	10000	9384	10000	529	540	10	10	10	10	0	0	77	0	0	0	0.0	0.0	0.0	0.0	0	0	0	0
baseline	47	10000	9292	10000	598	610	11	11	8	11	3	3	99	0	0	0	0.0	0.2454	0.0	10.32	0	0	3	0
baseline	48	10000	9203	10000	654	671	14	14	8	14	6	6	129	0	5	0	0.0	0.5993	0.0	21.36	0	0	6	0
baseline	49	10000	9106	10000	722	744	19	19	10	19	9	9	153	0	6	0	0.0	0.8892	0.0	33.12	0	0	9	0
baseline	50	10000	9197	10262	607	892	19	19	3	19	16	16	177	0	311	0	300.902	25.344083672233115	0.0	56.71857257322441	5181	1423	2969	0
baseline	51	10000	9040	10271	744	1044	24	24	6	24	18	18	192	0	321	0	309.7385059999847	37.91329336942982	0.0	63.12062522796094	10242	1423	3122	0
baseline	52	10000	8884	10286	865	1184	27	27	6	27	21	21	224	0	342	0	318.00675883998537	49.956719279430054	0.27370309031608203	72.31613501796093	15124	1423	3273	0
baseline	53	10000	8733	10301	973	1318	33	33	8	33	25	25	261	0	363	0	325.7805423848237	62.010254824290236	0.5324904273209081	84.2735698062911	19856	1423	3428	0
baseline	54	10000	8572	10319	1084	1456	38	39	7	39	31	31	306	0	392	0	333.05499340459284	72.2943581487062	0.7466965815187804	102.26903033938981	24421	1423	3561	0
baseline	55	10000	8523	10439	1086	1587	41	43	6	43	35	36	350	1	557	0	379.4280906402272	91.79899739534139	21.647537702993226	116.0377475535218	28848	2742	4060	0
baseline	56	10000	8393	10463	1165	1695	42	47	8	47	34	38	400	2	601	0	386.04322111458356	101.99970548686949	22.510508616933713	121.73214914670918	33260	2742	4205	0
baseline	57	10000	8244	10478	1250	1810	44	51	8	51	36	42	462	4	629	0	392.3886335877429	110.61311224522427	23.90674161656986	132.6304008267268	37623	2742	4345	0
baseline	58	10000	8083	10494	1349	1940	48	57	11	57	37	45	520	6	657	0	398.5535588531246	118.61569127073128	25.255432779302435	140.1702765507305	41993	2742	4479	0
baseline	59	10000	7946	10517	1411	2048	58	70	20	70	38	49	585	9	691	0	404.52669428092156	127.90866969976618	26.92070878106694	150.90096942756685	46358	2742	4640	0
baseline	60	10000	8107	10964	1181	2279	60	73	12	73	48	60	652	10	1284	0	605.4494752122579	144.70637474823948	51.63195045799552	177.8810768249168	50646	3971	7651	0
baseline	61	10000	7879	10991	1341	2479	65	78	12	78	53	65	715	10	1336	0	610.9163807758123	155.69535154629745	54.17439908045402	189.3938607600719	54892	3971	7834	0
baseline	62	10000	7654	11028	1478	2671	71	88	15	88	56	71	797	12	1415	0	616.1343528674395	165.57801336834632	56.17858122487121	203.10396447811286	59070	3971	8014	0
baseline	63	10000	7434	11067	1605	2857	75	92	14	92	61	76	886	12	1493	0	621.1000813440919	175.02026808615935	58.347856108555526	214.04328570665362	63169	3971	8196	0
baseline	64	10000	7244	11118	1681	3012	83	103	16	103	67	85	992	14	1590	0	625.83223038489	184.824592172197	60.89633896800034	234.9382476550322	67196	3971	8389	0
baseline	65	10000	7282	11398	1534	3168	93	113	12	113	81	99	1091	14	2030	0	655.0308727898802	203.72845079036756	106.32261302072813	264.10438394654835	71116	5090	9351	0
baseline	66	10000	7079	11443	1621	3325	100	121	14	121	86	105	1200	15	2119	0	659.2843336386397	212.62761083725394	109.60312565346612	276.91297464031777	74963	5090	9559	0
baseline	67	10000	6903	11493	1679	3466	104	127	17	127	87	108	1314	16	2223	0	663.3168843034837	219.704780066371	113.81596257715512	283.0153601727476	78723	5090	9750	0
baseline	68	10000	6699	11536	1734	3603	110	138	19	138	91	116	1457	18	2327	0	667.1483544033777	228.07508022153587	117.4570747023912	298.95053227563193	82406	5090	9968	0
baseline	69	10000	6508	11592	1768	3732	117	150	20	150	97	126	1607	22	2446	0	670.753879080819	236.17635754128537	121.84610329302757	318.33027414751814	85979	5090	10198	0
baseline	70	10000	6805	12168	1284	3857	115	157	9	157	106	142	1796	27	3348	0	789.7583768812443	249.43114385102805	160.6725655835414	347.67029192506357	89455	6049	13130	0
baseline	71	10000	6607	12239	1326	4004	122	166	14	166	108	146	1945	28	3494	0	792.9343370478457	256.48208011449816	166.77148075356206	354.81002916674504	92800	6049	13353	0
baseline	72	10000	6391	12303	1357	4141	122	172	17	172	105	149	2130	32	3601	0	795.9579175889876	262.7003790866536	171.3466849145841	359.8380122024119	96083	6049	13569	0
baseline	73	10000	6180	12358	1359	4244	132	186	24	186	108	156	2329	34	3722	0	798.7710816067608	268.4884004783156	175.84870555039794	371.13979127446794	99232	6049	13779	0
baseline	74	10000	5937	12409	1385	4363	134	191	19	191	115	166	2544	36	3829	0	801.4209945630495	273.6364179752428	180.97309159152616	387.33622711495616	102290	6049	13998	0
baseline	75	10000	5918	12706	1162	4481	140	200	16	200	124	178	2780	38	4272	0	816.9084908476327	283.1083036389575	228.1695984193346	406.1650584733653	105243	6847	15234	0
baseline	76	10000	5657	12734	1191	4585	143	209	20	209	123	183	3009	41	4326	0	816.9084908476327	283.2595682044123	233.8646635084757	413.7338201048184	105243	6847	15370	0
baseline	77	10000	5364	12753	1234	4702	130	215	18	215	112	186	3272	47	4355	0	816.9084908476327	283.3138338187465	238.22533417958897	418.3592959969053	105243	6847	15479	0
baseline	78	10000	5111	12783	1239	4805	138	229	27	229	111	189	3512	48	4400	0	816.9084908476327	283.44097970009625	242.9170681379701	422.6246888055447	105243	6847	15597	0
baseline	79	10000	4840	12809	1250	4913	150	246	35	246	115	196	3760	50	4452	0	816.9084908476327	283.75848746242326	248.04824947510028	432.108218991276	105243	6847	15738	0
baseline	80	10000	4769	12974	1023	4913	148	257	35	257	113	206	4060	53	4678	0	816.9084908476327	284.1268952097283	283.4577183275458	445.7159492644516	105243	6847	16664	0
baseline	81	10000	4538	12997	929	4913	147	267	35	267	112	214	4386	55	4709	0	816.9084908476327	284.39819571455115	287.2667113334072	456.63785362618074	105243	6847	16777	0
baseline	82	10000	4266	13013	856	4913	137	274	30	274	107	225	4741	61	4734	0	816.9084908476327	284.83916901375477	290.1295077436867	470.7339997018611	105243	6847	16873	0
baseline	83	10000	3987	13018	779	4913	135	286	29	286	106	234	5099	66	4744	0	816.9084908476327	285.06154278882667	292.82093186354484	481.8445435222119	105243	6847	16966	0
baseline	84	10000	3719	13026	722	4913	126	290	26	290	100	239	5433	69	4756	0	816.9084908476327	285.2192246186256	295.73645203196907	487.7796901464739	105243	6847	17066	0
baseline	85	10000	3429	13034	639	4913	117	298	26	298	91	242	5815	70	4768	0	816.9084908476327	285.3311160980873	313.9905489016996	491.30507151825185	105243	6847	17713	0
baseline	86	10000	3116	13035	582	4913	111	307	26	307	85	248	6191	72	4782	0	816.9084908476327	285.53118506920833	316.0218257968815	498.76585914378416	105243	6847	17792	0
baseline	87	10000	2798	13035	531	4913	100	312	24	312	76	253	6571	76	4788	0	816.9084908476327	285.72207404161395	317.5976458282852	504.3973380304114	105243	6847	17857	0
baseline	88	10000	2526	13036	453	4913	97	324	23	324	74	261	6924	78	4796	0	816.9084908476327	285.9726984485031	319.024035790302	512.6406878376417	105243	6847	17920	0
baseline	89	10000	2227	13036	389	4913	79	326	18	326	61	263	7305	80	4808	0	816.9084908476327	286.05019863131076	320.62208478295025	514.9142808190679	105243	6847	17985	0
baseline	90	10000	1946	13036	344	4913	63	328	11	328	52	267	7647	84	4811	0	816.9084908476327	286.17387516223295	329.6193740192675	518.7931026643818	105243	6847	18361	0
baseline	91	10000	1664	13036	287	4913	57	332	9	332	48	271	7992	87	4811	0	816.9084908476327	286.2669423924989	330.6734888937639	523.0122548412683	105243	6847	18410	0
baseline	92	10000	1400	13036	250	4913	53	334	7	334	46	274	8297	88	4818	0	816.9084908476327	286.36551710391876	331.4802993895051	525.8945742035014	105243	6847	18448	0
baseline	93	10000	1153	13036	193	4913	47	340	7	340	40	278	8607	91	4819	0	816.9084908476327	286.46429347358765	331.9657347541603	529.8030771170623	105243	6847	18474	0
baseline	94	10000	938	13036	154	4913	38	342	7	342	31	279	8870	92	4819	0	816.9084908476327	286.4852285341229	332.56453508474345	530.8677452323017	105243	6847	18503	0
baseline	95	10000	740	13036	125	4913	31	344	6	344	25	281	9104	92	4820	0	816.9084908476327	286.53733415616034	335.70101951978234	532.545373036276	105243	6847	18656	0
baseline	96	10000	587	13036	93	4913	28	346	6	346	22	282	9292	92	4820	0	816.9084908476327	286.55721810110333	336.08367811189515	533.556585884231	105243	6847	18676	0
baseline	97	10000	449	13036	64	4913	25	351	6	351	19	285	9462	93	4821	0	816.9084908476327	286.62510915061574	336.31821224672876	535.8541477674144	105243	6847	18691	0
baseline	98	10000	317	13036	46	4913	16	351	4	351	12	287	9621	95	4822	0	816.9084908476327	286.67233896426364	336.43192209358784	537.331436747267	105243	6847	18699	0
baseline	99	10000	224	13036	29	4913	12	351	4	351	8	287	9735	95	4822	0	816.9084908476327	286.67233896426364	336.59742696918653	537.331436747267	105243	6847	18708	0
baseline	100	10000	0	13036	0	4913	0	351	0	351	0	287	10000	95	4822	0	816.9084908476327	286.67233896426364	337.25742363421296	537.331436747267	105243	6847	18745	0
