description	age	n	num_state_healthy	tot_state_healthy	num_state_polyp	tot_state_polyp	num_state_cancer	tot_state_cancer	num_state_pre	tot_state_pre	num_state_clin	tot_state_clin	tot_state_dead	tot_state_dead_crc	tot_polyps_removed	tot_lesions_cured	tot_discounted_cost_routine	tot_discounted_cost_diagnostic	tot_discounted_cost_surveillance	tot_discounted_cost_treatment	tot_test0_performed	tot_test1_performed	tot_test2_performed	tot_test3_performed
baseline	1	10000	10000	10000	0	0	0	0	0	0	0	0	0	0	0	0	0.0	0.0	0.0	0.0	0	0	0	0
baseline	2	10000	10000	10000	0	0	0	0	0	0	0	0	0	0	0	0	0.0	0.0	0.0	0.0	0	0	0	0
baseline	3	10000	10000	10000	0	0	0	0	0	0	0	0	0	0	0	0	0.0	0.0	0.0	0.0	0	0	0	0
baseline	4	10000	10000	10000	0	0	0	0	0	0	0	0	0	0	0	0	0.0	0.0	0.0	0.0	0	0	0	0
baseline	5	10000	10000	10000	0	0	0	0	0	0	0	0	0	0	0	0	0.0	0.0	0.0	0.0	0	0	0	0
baseline	6	10000	10000	10000	0	0	0	0	0	0	0	0	0	0	0	0	0.0	0.0	0.0	0.0	0	0	0	0
baseline	7	10000	10000	10000	0	0	0	0	0	0	0	0	0	0	0	0	0.0	0.0	0.0	0.0	0	0	0	0
baseline	8	10000	10000	10000	0	0	0	0	0	0	0	0	0	0	0	0	0.0	0.0	0.0	0.0	0	0	0	0
baseline	9	10000	10000	10000	0	0	0	0	0	0	0	0	0	0	0	0	0.0	0.0	0.0	0.0	0	0	0	0
baseline	10	10000	10000	10000	0	0	0	0	0	0	0	0	0	0	0	0	0.0	0.0	0.0	0.0	0	0	0	0
baseline	11	10000	10000	10000	0	0	0	0	0	0	0	0	0	0	0	0	0.0	0.0	0.0	0.0	0	0	0	0
baseline	12	10000	10000	10000	0	0	0	0	0	0	0	0	0	0	0	0	0.0	0.0	0.0	0.0	0	0	0	0
baseline	13	10000	10000	10000	0	0	0	0	0	0	0	0	0	0	0	0	0.0	0.0	0.0	0.0	0	0	0	0
baseline	14	10000	10000	10000	0	0	0	0	0	0	0	0	0	0	0	0	0.0	0.0	0.0	0.0	0	0	0	0
baseline	15	10000	10000	10000	0	0	0	0	0	0	0	0	0	0	0	0	0.0	0.0	0.0	0.0	0	0	0	0
baseline	16	10000	10000	10000	0	0	0	0	0	0	0	0	0	0	0	0	0.0	0.0	0.0	0.0	0	0	0	0
baseline	17	10000	10000	10000	0	0	0	0	0	0	0	0	0	0	0	0	0.0	0.0	0.0	0.0	0	0	0	0
baseline	18	10000	10000	10000	0	0	0	0	0	0	0	0	0	0	0	0	0.0	0.0	0.0	0.0	0	0	0	0
baseline	19	10000	10000	10000	0	0	0	0	0	0	0	0	0	0	0	0	0.0	0.0	0.0	0.0	0	0	0	0
baseline	20	10000	10000	10000	0	0	0	0	0	0	0	0	0	0	0	0	0.0	0.0	0.0	0.0	0	0	0	0
baseline	21	10000	10000	10000	0	0	0	0	0	0	0	0	0	0	0	0	0.0	0.0	0.0	0.0	0	0	0	0
baseline	22	10000	10000	10000	0	0	0	0	0	0	0	0	0	0	0	0	0.0	0.0	0.0	0.0	0	0	0	0
baseline	23	10000	10000	10000	0	0	0	0	0	0	0	0	0	0	0	0	0.0	0.0	0.0	0.0	0	0	0	0
baseline	24	10000	10000	10000	0	0	0	0	0	0	0	0	0	0	0	0	0.0	0.0	0.0	0.0	0	0	0	0
baseline	25	10000	10000	10000	0	0	0	0	0	0	0	0	0	0	0	0	0.0	0.0	0.0	0.0	0	0	0	0
baseline	26	10000	10000	10000	0	0	0	0	0	0	0	0	0	0	0	0	0.0	0.0	0.0	0.0	0	0	0	0
baseline	27	10000	10000	10000	0	0	0	0	0	0	0	0	0	0	0	0	0.0	0.0	0.0	0.0	0	0	0	0
baseline	28	10000	10000	10000	0	0	0	0	0	0	0	0	0	0	0	0	0.0	0.0	0.0	0.0	0	0	0	0
baseline	29	10000	10000	10000	0	0	0	0	0	0	0	0	0	0	0	0	0.0	0.0	0.0	0.0	0	0	0	0
baseline	30	10000	10000	10000	0	0	0	0	0	0	0	0	0	0	0	0	0.0	0.0	0.0	0.0	0	0	0	0
baseline	31	10000	10000	10000	0	0	0	0	0	0	0	0	0	0	0	0	0.0	0.0	0.0	0.0	0	0	0	0
baseline	32	10000	10000	10000	0	0	0	0	0	0	0	0	0	0	0	0	0.0	0.0	0.0	0.0	0	0	0	0
baseline	33	10000	10000	10000	0	0	0	0	0	0	0	0	0	0	0	0	0.0	0.0	0.0	0.0	0	0	0	0
baseline	34	10000	10000	10000	0	0	0	0	0	0	0	0	0	0	0	0	0.0	0.0	0.0	0.0	0	0	0	0
baseline	35	10000	10000	10000	0	0	0	0	0	0	0	0	0	0	0	0	0.0	0.0	0.0	0.0	0	0	0	0
baseline	36	10000	10000	10000	0	0	0	0	0	0	0	0	0	0	0	0	0.0	0.0	0.0	0.0	0	0	0	0
baseline	37	10000	10000	10000	0	0	0	0	0	0	0	0	0	0	0	0	0.0	0.0	0.0	0.0	0	0	0	0
baseline	38	10000	10000	10000	0	0	0	0	0	0	0	0	0	0	0	0	0.0	0.0	0.0	0.0	0	0	0	0
baseline	39	10000	10000	10000	0	0	0	0	0	0	0	0	0	0	0	0	0.0	0.0	0.0	0.0	0	0	0	0
baseline	40	10000	9934	10000	66	66	0	0	0	0	0	0	0	0	0	0	0.0	0.0	0.0	0.0	0	0	0	0
baseline	41	10000	9854	10000	146	146	0	0	0	0	0	0	0	0	0	0	0.0	0.0	0.0	0.0	0	0	0	0
baseline	42	10000	9768	10000	232	232	0	0	0	0	0	0	0	0	0	0	0.0	0.0	0.0	0.0	0	0	0	0
baseline	43	10000	9638	10000	318	320	1	1	1	1	0	0	43	0	0	0	0.0	0.0	0.0	0.0	0	0	0	0
baseline	44	10000	9531	10000	390	393	2	2	2	2	0	0	77	0	0	0	0.0	0.0	0.0	0.0	0	0	0	0
baseline	45	10000	9417	10000	460	465	3	3	3	3	0	0	120	0	0	0	0.0	0.0	0.0	0.0	0	0	0	0
baseline	46	10000	9298	10000	527	539	9	9	7	9	2	2	166	0	0	0	0.0	0.1636	0.0	6.5154	0	0	2	0
baseline	47	10000	9205	10000	596	609	10	10	7	10	3	3	189	0	0	0	0.0	0.2454	0.0	9.9554	0	0	3	0
baseline	48	10000	9093	10000	654	670	10	11	7	11	3	4	243	1	0	0	0.0	0.3272	0.0	12.8954	0	0	4	0
baseline	49	10000	8963	10000	717	743	14	16	8	16	6	8	306	2	0	0	0.0	0.6544	0.0	28.8154	0	0	8	0
baseline	50	10000	8977	10214	646	890	15	17	3	17	12	14	362	2	255	0	249.4722	20.842774631119454	0.0	48.45031480502353	4334	1167	2499	0
baseline	51	10000	8780	10226	770	1034	19	22	7	22	12	15	431	3	269	0	256.75127399998837	30.850487139777083	0.07823855759593827	51.30211480502353	8503	1167	2619	0
baseline	52	10000	8596	10240	875	1165	25	28	11	28	14	17	504	3	289	0	263.5443838199971	42.05248888099057	0.1534166659703995	57.395887229969595	12514	1167	2757	0
baseline	53	10000	8423	10254	987	1297	25	28	8	28	17	20	565	3	309	0	269.8889214468107	51.42039876902658	0.1534166659703995	66.29578152718004	16376	1167	2873	0
baseline	54	10000	8235	10267	1092	1430	32	35	12	35	20	23	641	3	329	0	275.99213007894997	62.9122429589427	0.4463396346988554	74.96960288073792	20206	1167	2997	0
baseline	55	10000	8175	10388	1081	1549	34	38	8	38	26	30	710	4	493	0	314.6104296955073	82.96914208578835	19.674059672221556	94.84248373385776	23901	2265	3421	0
baseline	56	10000	8021	10406	1152	1654	39	44	12	44	27	32	788	4	524	0	320.0050895882315	91.55063322265188	20.602906754917885	101.10311083239287	27499	2265	3547	0
baseline	57	10000	7847	10422	1231	1766	44	51	15	51	29	35	878	4	554	0	325.3266262005132	99.65140857155419	21.63472034200769	109.82106291117934	31158	2265	3674	0
baseline	58	10000	7652	10448	1302	1896	59	67	23	67	36	43	987	5	605	0	330.3178174107635	108.33405368027657	23.03695996698518	130.3488122995201	34696	2265	3812	0
baseline	59	10000	7474	10469	1372	2005	65	74	23	74	42	50	1089	6	647	0	335.1264309029585	115.95739916737868	24.411650511490674	148.2035878664003	38210	2265	3940	0
baseline	60	10000	7538	10825	1210	2211	64	76	8	76	56	67	1188	7	1132	0	492.0429846073522	131.50728251304227	44.36188035576023	191.74547107198356	41692	3282	6362	0
baseline	61	10000	7309	10867	1317	2393	72	88	14	88	58	72	1302	10	1203	0	496.4605430125474	140.24525334204804	46.43886531642812	204.02682603946306	45123	3282	6519	0
baseline	62	10000	7070	10896	1412	2559	84	103	22	103	62	78	1434	12	1248	0	500.62442978935326	147.2700321392967	50.122984530378794	217.95427366900356	48457	3282	6659	0
baseline	63	10000	6826	10925	1513	2720	96	115	20	115	76	92	1565	12	1305	0	504.5749642032085	156.29362930274692	53.24920492084557	249.80385316839187	51718	3282	6826	0
baseline	64	10000	6583	10954	1591	2866	105	126	25	126	80	98	1721	13	1383	0	508.3388264772795	163.86974280644836	55.59223034415344	262.7794954153165	54921	3282	6987	0
baseline	65	10000	6544	11190	1468	3020	114	137	26	137	88	108	1874	15	1749	0	531.3886631608959	178.2336845808901	92.10745698846732	285.719398666712	58003	4166	7751	0
baseline	66	10000	6317	11232	1525	3168	123	151	28	151	95	119	2035	17	1834	0	534.7177951119286	185.44758373378812	95.74708997122825	308.7538118628923	61014	4166	7933	0
baseline	67	10000	6103	11277	1573	3308	127	158	22	158	105	131	2197	19	1937	0	537.8816314048227	192.27027387213386	98.3378011925307	332.6241102320518	63964	4166	8092	0
baseline	68	10000	5857	11316	1621	3441	131	165	23	165	108	137	2391	20	2015	0	540.8538035675721	198.29332569130727	102.22478344834624	344.316068551911	66821	4166	8271	0
baseline	69	10000	5665	11364	1620	3542	140	178	28	178	112	145	2575	21	2110	0	543.6792916998934	204.68820839234016	105.68052994397732	359.09699522776793	69621	4166	8451	0
baseline	70	10000	5850	11824	1226	3645	140	184	23	184	117	155	2784	25	2833	0	631.4351913783757	215.19542775060125	137.1364497510964	378.5626757301928	72254	4900	10693	0
baseline	71	10000	5612	11873	1252	3764	140	192	22	192	118	163	2996	28	2936	0	633.8373376329338	220.7800207683837	142.543511705292	393.08480785657997	74784	4900	10882	0
baseline	72	10000	5391	11914	1260	3858	134	198	18	198	116	172	3215	33	3028	0	636.0983459267245	225.4716078666618	146.62096657612005	409.0764182042803	77239	4900	11056	0
baseline	73	10000	5186	11963	1244	3941	135	209	19	209	116	180	3435	35	3133	0	638.1923619501164	229.99321241625123	150.53755625003672	422.34220860758546	79583	4900	11226	0
baseline	74	10000	4987	12001	1248	4035	133	220	19	220	114	190	3632	41	3242	0	640.1481675558553	234.60182841796134	155.04084770966963	438.5013145979546	81840	4900	11393	0
baseline	75	10000	4945	12227	1063	4121	132	234	20	234	112	202	3860	47	3585	0	651.7731292633969	243.3680711746999	191.17789881572247	457.11752923734093	83998	5502	12362	0
baseline	76	10000	4663	12253	1071	4211	127	239	19	239	108	207	4139	49	3627	0	651.7731292633969	243.5728411542867	195.10768813243413	464.2531329463134	83998	5502	12456	0
baseline	77	10000	4383	12264	1081	4289	127	246	20	246	107	213	4409	52	3652	0	651.7731292633969	243.8302234373471	198.2887131188115	474.3801775397352	83998	5502	12541	0
baseline	78	10000	4112	12285	1072	4360	130	258	28	258	102	217	4686	56	3695	0	651.7731292633969	244.09010823137905	201.95566310552385	480.5505863236871	83998	5502	12636	0
baseline	79	10000	3856	12309	1046	4438	124	267	28	267	96	225	4974	59	3748	0	651.7731292633969	244.50961364637487	206.81392575232675	491.69168774305086	83998	5502	12743	0
baseline	80	10000	3733	12418	875	4438	124	279	30	279	94	231	5268	61	3922	0	651.7731292633969	244.78852769912672	232.37386409360838	500.08673311895234	83998	5502	13426	0
baseline	81	10000	3539	12430	812	4438	127	291	31	291	96	242	5522	62	3942	0	651.7731292633969	245.1876213564789	234.6880775926351	514.9808764061232	83998	5502	13502	0
baseline	82	10000	3291	12435	738	4438	122	299	26	299	96	253	5849	66	3961	0	651.7731292633969	245.58501322351583	236.58122660375764	529.8599187215577	83998	5502	13569	0
baseline	83	10000	3069	12440	668	4438	121	312	34	312	87	255	6142	73	3968	0	651.7731292633969	245.67605611054913	238.6969170693725	532.5994333909899	83998	5502	13639	0
baseline	84	10000	2817	12445	620	4438	118	315	28	315	90	262	6445	73	3983	0	651.7731292633969	245.898619894716	240.87176276447386	541.5868952684517	83998	5502	13716	0
baseline	85	10000	2586	12457	555	4438	110	320	18	320	92	275	6749	77	4005	0	651.7731292633969	246.34228809833104	254.0998264895001	556.2557759333494	83998	5502	14191	0
baseline	86	10000	2365	12458	505	4438	99	322	14	322	85	278	7031	79	4012	0	651.7731292633969	246.46983660525865	255.46903629867356	559.7420722918025	83998	5502	14244	0
baseline	87	10000	2136	12459	446	4438	86	331	15	331	71	280	7332	80	4013	0	651.7731292633969	246.52182655720753	256.46150290454875	561.7686142225506	83998	5502	14283	0
baseline	88	10000	1908	12459	382	4438	87	343	26	343	61	280	7623	83	4013	0	651.7731292633969	246.52182655720753	257.1556363490697	561.7686142225506	83998	5502	14310	0
baseline	89	10000	1690	12459	338	4438	79	346	22	346	57	285	7893	84	4016	0	651.7731292633969	246.68539843137367	258.20243968044934	567.3918148915643	83998	5502	14357	0
baseline	90	10000	1497	12459	295	4438	76	349	20	349	56	289	8132	85	4017	0	651.7731292633969	246.79358159475518	265.36539411098414	571.4581749654443	83998	5502	14628	0
baseline	91	10000	1300	12459	248	4438	61	353	15	353	46	291	8391	88	4020	0	651.7731292633969	246.8669039399431	265.9518946987832	573.4052880642097	83998	5502	14655	0
baseline	92	10000	1097	12459	203	4438	54	361	16	361	38	292	8646	88	4020	0	651.7731292633969	246.88914551602454	266.40621447125955	574.2910629101797	83998	5502	14676	0
baseline	93	10000	927	12459	170	4438	41	363	10	363	31	298	8862	91	4027	0	651.7731292633969	247.06245032953728	266.7815215868954	580.0510706324288	83998	5502	14699	0
baseline	94	10000	764	12459	143	4438	33	365	6	365	27	303	9060	92	4027	0	651.7731292633969	247.16776052009826	267.188333880006	584.2809541900606	83998	5502	14723	0
baseline	95	10000	625	12459	118	4438	29	366	7	366	22	303	9228	92	4027	0	651.7731292633969	247.16776052009826	269.72253557073645	584.2809541900606	83998	5502	14845	0
baseline	96	10000	511	12459	93	4438	28	367	7	367	21	304	9368	93	4027	0	651.7731292633969	247.18732555907945	269.88339667689695	585.1037382254556	83998	5502	14854	0
baseline	97	10000	400	12459	64	4438	23	370	10	370	13	304	9513	96	4027	0	651.7731292633969	247.18732555907945	270.039752766786	585.1037382254556	83998	5502	14862	0
baseline	98	10000	305	12459	43	4438	18	371	5	371	13	307	9634	96	4028	0	651.7731292633969	247.25369601577412	270.1341298950693	587.7494372321621	83998	5502	14870	0
baseline	99	10000	230	12459	31	4438	17	372	5	372	12	308	9722	96	4028	0	651.7731292633969	247.2717138901239	270.2260770481797	588.3970234251727	83998	5502	14876	0
baseline	100	10000	0	12459	0	4438	0	372	0	372	0	308	10000	96	4028	0	651.7731292633969	247.2717138901239	270.9574247040198	588.3970234251727	83998	5502	14917	0
