description	age	n	num_state_healthy	tot_state_healthy	num_state_polyp	tot_state_polyp	num_state_cancer	tot_state_cancer	num_state_pre	tot_state_pre	num_state_clin	tot_state_clin	tot_state_dead	tot_state_dead_crc	tot_polyps_removed	tot_lesions_cured	tot_discounted_cost_routine	tot_discounted_cost_diagnostic	tot_discounted_cost_surveillance	tot_discounted_cost_treatment	tot_test0_performed	tot_test1_performed	tot_test2_performed	tot_test3_performed
baseline	1	10000	10000	10000	0	0	0	0	0	0	0	0	0	0	0	0	0.0	0.0	0.0	0.0	0	0	0	0
baseline	2	10000	10000	10000	0	0	0	0	0	0	0	0	0	0	0	0	0.0	0.0	0.0	0.0	0	0	0	0
baseline	3	10000	10000	10000	0	0	0	0	0	0	0	0	0	0	0	0	0.0	0.0	0.0	0.0	0	0	0	0
baseline	4	10000	10000	10000	0	0	0	0	0	0	0	0	0	0	0	0	0.0	0.0	0.0	0.0	0	0	0	0
baseline	5	10000	10000	10000	0	0	0	0	0	0	0	0	0	0	0	0	0.0	0.0	0.0	0.0	0	0	0	0
baseline	6	10000	10000	10000	0	0	0	0	0	0	0	0	0	0	0	0	0.0	0.0	0.0	0.0	0	0	0	0
baseline	7	10000	10000	10000	0	0	0	0	0	0	0	0	0	0	0	0	0.0	0.0	0.0	0.0	0	0	0	0
baseline	8	10000	10000	10000	0	0	0	0	0	0	0	0	0	0	0	0	0.0	0.0	0.0	0.0	0	0	0	0
baseline	9	10000	10000	10000	0	0	0	0	0	0	0	0	0	0	0	0	0.0	0.0	0.0	0.0	0	0	0	0
baseline	10	10000	10000	10000	0	0	0	0	0	0	0	0	0	0	0	0	0.0	0.0	0.0	0.0	0	0	0	0
baseline	11	10000	10000	10000	0	0	0	0	0	0	0	0	0	0	0	0	0.0	0.0	0.0	0.0	0	0	0	0
baseline	12	10000	10000	10000	0	0	0	0	0	0	0	0	0	0	0	0	0.0	0.0	0.0	0.0	0	0	0	0
baseline	13	10000	10000	10000	0	0	0	0	0	0	0	0	0	0	0	0	0.0	0.0	0.0	0.0	0	0	0	0
baseline	14	10000	10000	10000	0	0	0	0	0	0	0	0	0	0	0	0	0.0	0.0	0.0	0.0	0	0	0	0
baseline	15	10000	10000	10000	0	0	0	0	0	0	0	0	0	0	0	0	0.0	0.0	0.0	0.0	0	0	0	0
baseline	16	10000	10000	10000	0	0	0	0	0	0	0	0	0	0	0	0	0.0	0.0	0.0	0.0	0	0	0	0
baseline	17	10000	10000	10000	0	0	0	0	0	0	0	0	0	0	0	0	0.0	0.0	0.0	0.0	0	0	0	0
baseline	18	10000	10000	10000	0	0	0	0	0	0	0	0	0	0	0	0	0.0	0.0	0.0	0.0	0	0	0	0
baseline	19	10000	10000	10000	0	0	0	0	0	0	0	0	0	0	0	0	0.0	0.0	0.0	0.0	0	0	0	0
baseline	20	10000	10000	10000	0	0	0	0	0	0	0	0	0	0	0	0	0.0	0.0	0.0	0.0	0	0	0	0
baseline	21	10000	10000	10000	0	0	0	0	0	0	0	0	0	0	0	0	0.0	0.0	0.0	0.0	0	0	0	0
baseline	22	10000	10000	10000	0	0	0	0	0	0	0	0	0	0	0	0	0.0	0.0	0.0	0.0	0	0	0	0
baseline	23	10000	10000	10000	0	0	0	0	0	0	0	0	0	0	0	0	0.0	0.0	0.0	0.0	0	0	0	0
baseline	24	10000	10000	10000	0	0	0	0	0	0	0	0	0	0	0	0	0.0	0.0	0.0	0.0	0	0	0	0
baseline	25	10000	10000	10000	0	0	0	0	0	0	0	0	0	0	0	0	0.0	0.0	0.0	0.0	0	0	0	0
baseline	26	10000	10000	10000	0	0	0	0	0	0	0	0	0	0	0	0	0.0	0.0	0.0	0.0	0	0	0	0
baseline	27	10000	10000	10000	0	0	0	0	0	0	0	0	0	0	0	0	0.0	0.0	0.0	0.0	0	0	0	0
baseline	28	10000	10000	10000	0	0	0	0	0	0	0	0	0	0	0	0	0.0	0.0	0.0	0.0	0	0	0	0
baseline	29	10000	10000	10000	0	0	0	0	0	0	0	0	0	0	0	0	0.0	0.0	0.0	0.0	0	0	0	0
baseline	30	10000	10000	10000	0	0	0	0	0	0	0	0	0	0	0	0	0.0	0.0	0.0	0.0	0	0	0	0
baseline	31	10000	10000	10000	0	0	0	0	0	0	0	0	0	0	0	0	0.0	0.0	0.0	0.0	0	0	0	0
baseline	32	10000	10000	10000	0	0	0	0	0	0	0	0	0	0	0	0	0.0	0.0	0.0	0.0	0	0	0	0
baseline	33	10000	10000	10000	0	0	0	0	0	0	0	0	0	0	0	0	0.0	0.0	0.0	0.0	0	0	0	0
baseline	34	10000	10000	10000	0	0	0	0	0	0	0	0	0	0	0	0	0.0	0.0	0.0	0.0	0	0	0	0
baseline	35	10000	10000	10000	0	0	0	0	0	0	0	0	0	0	0	0	0.0	0.0	0.0	0.0	0	0	0	0
baseline	36	10000	10000	10000	0	0	0	0	0	0	0	0	0	0	0	0	0.0	0.0	0.0	0.0	0	0	0	0
baseline	37	10000	10000	10000	0	0	0	0	0	0	0	0	0	0	0	0	0.0	0.0	0.0	0.0	0	0	0	0
baseline	38	10000	10000	10000	0	0	0	0	0	0	0	0	0	0	0	0	0.0	0.0	0.0	0.0	0	0	0	0
baseline	39	10000	10000	10000	0	0	0	0	0	0	0	0	0	0	0	0	0.0	0.0	0.0	0.0	0	0	0	0
baseline	40	10000	9934	10000	66	66	0	0	0	0	0	0	0	0	0	0	0.0	0.0	0.0	0.0	0	0	0	0
baseline	41	10000	9854	10000	146	146	0	0	0	0	0	0	0	0	0	0	0.0	0.0	0.0	0.0	0	0	0	0
baseline	42	10000	9768	10000	232	232	0	0	0	0	0	0	0	0	0	0	0.0	0.0	0.0	0.0	0	0	0	0
baseline	43	10000	9626	10000	318	320	1	1	1	1	0	0	55	0	0	0	0.0	0.0	0.0	0.0	0	0	0	0
baseline	44	10000	9497	10000	390	393	2	2	2	2	0	0	111	0	0	0	0.0	0.0	0.0	0.0	0	0	0	0
baseline	45	10000	9362	10000	459	465	3	3	3	3	0	0	176	0	0	0	0.0	0.0	0.0	0.0	0	0	0	0
baseline	46	10000	9239	10000	525	539	9	9	7	9	2	2	227	0	0	0	0.0	0.1636	0.0	6.5154	0	0	2	0
baseline	47	10000	9092	10000	590	609	10	10	7	10	3	3	308	0	0	0	0.0	0.2454	0.0	9.9554	0	0	3	0
baseline	48	10000	8950	10000	641	669	11	11	7	11	4	4	398	0	1	0	0.0	0.3717	0.0	12.8954	0	0	4	0
baseline	49	10000	8785	10000	704	741	12	13	6	13	6	7	499	1	1	0	0.0	0.7807	0.0	24.1554	0	0	9	0
baseline	50	10000	8775	10216	623	880	12	14	3	14	9	11	590	2	252	0	260.2805	21.3962278406262	0.0	38.80913517121013	4510	1245	2601	0
baseline	51	10000	8552	10226	745	1023	12	15	2	15	10	13	691	3	264	0	267.8162359999877	32.07417468958996	0.07823855759593827	44.747783623119155	8826	1245	2731	0
baseline	52	10000	8336	10240	851	1155	17	21	8	21	9	13	796	4	281	0	274.8159674599947	43.83871783959014	0.1534166659703995	44.747783623119155	12959	1245	2877	0
baseline	53	10000	8113	10252	959	1287	17	24	7	24	10	17	911	6	295	0	281.3395715294138	52.35663772965703	0.1534166659703995	56.1813907406026	16930	1245	2984	0
baseline	54	10000	7874	10264	1057	1418	21	29	8	29	13	20	1048	6	318	0	287.56548174501944	61.558393873688715	0.33567938362597777	64.9948347812766	20837	1245	3103	0
baseline	55	10000	7770	10390	1029	1533	25	33	7	33	18	25	1176	6	477	0	327.37639117646677	79.358061011593	16.7861882581181	79.60851281043149	24528	2383	3512	0
baseline	56	10000	7589	10413	1083	1633	29	37	9	37	20	27	1299	6	513	0	332.81153350863275	87.81326404152908	17.688253629993163	85.07340643909842	28153	2383	3634	0
baseline	57	10000	7369	10434	1140	1740	35	43	12	43	23	30	1456	6	541	0	338.1621575033208	97.12517631256699	18.649510820429285	93.38421880417756	31832	2383	3777	0
baseline	58	10000	7144	10455	1204	1853	41	51	17	51	24	33	1611	8	576	0	343.1519379755303	106.07960028732373	19.781107611821717	101.180078003168	35369	2383	3920	0
baseline	59	10000	6897	10482	1239	1948	53	63	22	63	31	40	1811	8	622	0	347.8182362135394	115.46927314471169	21.13474644021196	119.13770260025429	38779	2383	4045	0
baseline	60	10000	6912	10831	1050	2137	54	69	14	69	40	54	1984	13	1096	0	504.57897219992157	129.24301966888373	39.87320970150086	155.79710540470953	42142	3360	6386	0
baseline	61	10000	6615	10858	1165	2308	56	72	10	72	46	61	2164	13	1138	0	508.81627465154116	136.40395182661612	41.76434296194182	172.98829096151655	45433	3360	6523	0
baseline	62	10000	6295	10890	1260	2474	66	84	19	84	47	64	2379	14	1194	0	512.7990685721253	142.81058236496878	44.159506223695466	179.7414526130635	48622	3360	6656	0
baseline	63	10000	6025	10914	1325	2605	72	91	21	91	51	69	2578	14	1247	0	516.5303307600022	150.81710561228675	46.02312707376015	190.78617577303027	51702	3360	6786	0
baseline	64	10000	5738	10941	1388	2735	75	98	19	98	56	75	2799	15	1295	0	520.0521213423896	156.8200976869429	48.346821750285386	203.93321036834888	54699	3360	6922	0
baseline	65	10000	5658	11162	1250	2868	82	111	22	111	60	85	3010	17	1641	0	541.3510818131622	168.93444545476183	80.22501699689737	225.05956715462352	57544	4177	7624	0
baseline	66	10000	5399	11185	1284	2985	82	119	22	119	60	92	3235	20	1691	0	544.377263862309	174.2755756254541	82.94089118690512	239.37842454619286	60281	4177	7766	0
baseline	67	10000	5182	11230	1290	3088	87	125	21	125	66	99	3441	20	1804	0	547.2257890127906	181.52501269256751	86.25329876993116	254.12950858676354	62937	4177	7945	0
baseline	68	10000	4967	11266	1308	3193	88	129	17	129	71	107	3637	22	1882	0	549.8016021996915	187.5988320509485	88.70635510866892	269.0654661683849	65413	4177	8097	0
baseline	69	10000	4762	11313	1286	3280	93	139	20	139	73	114	3859	26	1961	0	552.2335401992963	193.52908040430285	91.74070498981087	282.790334346124	67823	4177	8258	0
baseline	70	10000	4853	11705	927	3364	92	143	12	143	80	126	4128	29	2624	0	633.4657022839881	203.6980759558745	117.68931460340727	304.86164184738675	70115	4849	10234	0
baseline	71	10000	4582	11742	943	3464	88	148	11	148	77	132	4387	31	2696	0	635.4766689903724	207.81717612750927	120.6220008857599	316.6267946123499	72233	4849	10370	0
baseline	72	10000	4294	11783	949	3553	89	156	11	156	78	139	4668	32	2782	0	637.3398135029342	211.06221611892255	124.88604978027078	329.60738805155063	74256	4849	10519	0
baseline	73	10000	4041	11816	926	3623	86	162	15	162	71	141	4947	33	2845	0	639.0541551193543	214.5886717153878	128.36340131453713	332.9314995228889	76175	4849	10668	0
baseline	74	10000	3785	11844	893	3684	91	171	17	171	74	147	5231	34	2908	0	640.6104807143524	217.97818464215902	131.5532192273734	342.990402671994	77971	4849	10812	0
baseline	75	10000	3697	12018	728	3742	91	179	14	179	77	158	5484	35	3184	0	650.0080197753014	223.5676707900542	159.63048895866814	360.1414011029239	79670	5338	11547	0
baseline	76	10000	3395	12027	736	3809	93	188	13	188	80	166	5776	38	3202	0	650.0080197753014	223.9506056318948	161.66530166047312	373.0463854341967	79670	5338	11605	0
baseline	77	10000	3126	12044	719	3871	95	192	17	192	78	166	6060	38	3231	0	650.0080197753014	223.9506056318948	166.007964666157	373.0463854341967	79670	5338	11684	0
baseline	78	10000	2867	12059	706	3930	96	201	20	201	76	171	6331	40	3254	0	650.0080197753014	224.12684194610804	168.84786202350807	380.32595572561405	79670	5338	11760	0
baseline	79	10000	2581	12069	697	3982	87	206	14	206	73	180	6635	43	3277	0	650.0080197753014	225.49556581577346	171.43675136216729	393.03651453534576	79670	5338	11839	0
baseline	80	10000	2460	12154	557	3982	83	215	18	215	65	182	6900	45	3398	0	650.0080197753014	225.5995882359799	188.70670411043204	396.0123502604403	79670	5338	12315	0
baseline	81	10000	2256	12160	498	3982	73	219	14	219	59	188	7173	48	3418	0	650.0080197753014	225.87376001210902	190.02181945516602	404.62092635522515	79670	5338	12358	0
baseline	82	10000	2051	12169	436	3982	71	226	17	226	54	190	7442	50	3428	0	650.0080197753014	225.93539083365724	191.79402635769264	407.2127359655646	79670	5338	12412	0
baseline	83	10000	1872	12173	398	3982	67	230	15	230	52	193	7663	52	3436	0	650.0080197753014	226.06968326534144	193.25631899412573	410.811745995928	79670	5338	12462	0
baseline	84	10000	1667	12174	341	3982	66	236	14	236	52	196	7926	52	3440	0	650.0080197753014	226.14173781935764	194.31721130345707	414.1566704634166	79670	5338	12499	0
baseline	85	10000	1501	12179	302	3982	58	238	11	238	47	200	8139	52	3450	0	650.0080197753014	226.31003958535288	201.8088663500112	418.58008679466707	79670	5338	12767	0
baseline	86	10000	1313	12179	255	3982	52	244	10	244	42	204	8380	53	3453	0	650.0080197753014	226.43682018166544	202.54608006223856	423.5841700806127	79670	5338	12798	0
baseline	87	10000	1116	12179	212	3982	54	252	14	252	40	208	8618	53	3456	0	650.0080197753014	226.57064549142626	203.28810227607144	428.10764675242604	79670	5338	12830	0
baseline	88	10000	961	12179	185	3982	47	253	12	253	35	211	8807	53	3457	0	650.0080197753014	226.6347167878173	203.93069953762776	431.1468394062598	79670	5338	12857	0
baseline	89	10000	807	12179	146	3982	46	257	13	257	33	214	9001	53	3460	0	650.0080197753014	226.72361072728356	204.3417884805495	434.44789066269334	79670	5338	12876	0
baseline	90	10000	678	12179	120	3982	40	258	7	258	33	220	9162	53	3461	0	650.0080197753014	226.87990211453484	207.5342124743513	440.2739898193471	79670	5338	13014	0
baseline	91	10000	571	12179	101	3982	33	260	7	260	26	221	9295	54	3461	0	650.0080197753014	226.90314229681542	207.76822693515547	441.45588661992383	79670	5338	13025	0
baseline	92	10000	470	12179	81	3982	28	264	6	264	22	222	9421	54	3462	0	650.0080197753014	226.93759154544915	208.08529880695713	442.59055704206366	79670	5338	13040	0
baseline	93	10000	365	12179	59	3982	25	266	5	266	20	223	9551	54	3462	0	650.0080197753014	226.95962458669962	208.3055558311392	443.7110637853644	79670	5338	13051	0
baseline	94	10000	289	12179	45	3982	19	266	4	266	15	223	9647	55	3462	0	650.0080197753014	226.95962458669962	208.4757198486312	443.7110637853644	79670	5338	13059	0
baseline	95	10000	228	12179	31	3982	16	266	2	266	14	225	9725	55	3463	0	650.0080197753014	227.01173837765214	209.59728972978206	445.38331021513443	79670	5338	13115	0
baseline	96	10000	182	12179	25	3982	13	267	2	267	11	226	9780	55	3466	0	650.0080197753014	227.04584341323212	209.63758769109367	446.40180948299457	79670	5338	13118	0
baseline	97	10000	130	12179	17	3982	13	268	2	268	11	226	9840	55	3466	0	650.0080197753014	227.04584341323212	209.77439926974662	446.40180948299457	79670	5338	13125	0
baseline	98	10000	100	12179	10	3982	8	269	1	269	7	227	9882	56	3466	0	650.0080197753014	227.06452501742882	209.8123156215447	447.1874417377214	79670	5338	13128	0
baseline	99	10000	75	12179	6	3982	5	269	1	269	4	227	9914	56	3466	0	650.0080197753014	227.06452501742882	209.8307050521668	447.1874417377214	79670	5338	13129	0
baseline	100	10000	0	12179	0	3982	0	269	0	269	0	227	10000	56	3466	0	650.0080197753014	227.06452501742882	210.00908252920104	447.1874417377214	79670	5338	13139	0
