description	age	n	num_state_healthy	tot_state_healthy	num_state_polyp	tot_state_polyp	num_state_cancer	tot_state_cancer	num_state_pre	tot_state_pre	num_state_clin	tot_state_clin	tot_state_dead	tot_state_dead_crc	tot_polyps_removed	tot_lesions_cured	tot_discounted_cost_routine	tot_discounted_cost_diagnostic	tot_discounted_cost_surveillance	tot_discounted_cost_treatment	tot_test0_performed	tot_test1_performed	tot_test2_performed	tot_test3_performed
baseline	1	10000	10000	10000	0	0	0	0	0	0	0	0	0	0	0	0	0.0	0.0	0.0	0.0	0	0	0	0
baseline	2	10000	10000	10000	0	0	0	0	0	0	0	0	0	0	0	0	0.0	0.0	0.0	0.0	0	0	0	0
baseline	3	10000	10000	10000	0	0	0	0	0	0	0	0	0	0	0	0	0.0	0.0	0.0	0.0	0	0	0	0
baseline	4	10000	10000	10000	0	0	0	0	0	0	0	0	0	0	0	0	0.0	0.0	0.0	0.0	0	0	0	0
baseline	5	10000	10000	10000	0	0	0	0	0	0	0	0	0	0	0	0	0.0	0.0	0.0	0.0	0	0	0	0
baseline	6	10000	10000	10000	0	0	0	0	0	0	0	0	0	0	0	0	0.0	0.0	0.0	0.0	0	0	0	0
baseline	7	10000	10000	10000	0	0	0	0	0	0	0	0	0	0	0	0	0.0	0.0	0.0	0.0	0	0	0	0
baseline	8	10000	10000	10000	0	0	0	0	0	0	0	0	0	0	0	0	0.0	0.0	0.0	0.0	0	0	0	0
baseline	9	10000	10000	10000	0	0	0	0	0	0	0	0	0	0	0	0	0.0	0.0	0.0	0.0	0	0	0	0
baseline	10	10000	10000	10000	0	0	0	0	0	0	0	0	0	0	0	0	0.0	0.0	0.0	0.0	0	0	0	0
baseline	11	10000	10000	10000	0	0	0	0	0	0	0	0	0	0	0	0	0.0	0.0	0.0	0.0	0	0	0	0
baseline	12	10000	10000	10000	0	0	0	0	0	0	0	0	0	0	0	0	0.0	0.0	0.0	0.0	0	0	0	0
baseline	13	10000	10000	10000	0	0	0	0	0	0	0	0	0	0	0	0	0.0	0.0	0.0	0.0	0	0	0	0
baseline	14	10000	10000	10000	0	0	0	0	0	0	0	0	0	0	0	0	0.0	0.0	0.0	0.0	0	0	0	0
baseline	15	10000	10000	10000	0	0	0	0	0	0	0	0	0	0	0	0	0.0	0.0	0.0	0.0	0	0	0	0
baseline	16	10000	10000	10000	0	0	0	0	0	0	0	0	0	0	0	0	0.0	0.0	0.0	0.0	0	0	0	0
baseline	17	10000	10000	10000	0	0	0	0	0	0	0	0	0	0	0	0	0.0	0.0	0.0	0.0	0	0	0	0
baseline	18	10000	10000	10000	0	0	0	0	0	0	0	0	0	0	0	0	0.0	0.0	0.0	0.0	0	0	0	0
baseline	19	10000	10000	10000	0	0	0	0	0	0	0	0	0	0	0	0	0.0	0.0	0.0	0.0	0	0	0	0
baseline	20	10000	10000	10000	0	0	0	0	0	0	0	0	0	0	0	0	0.0	0.0	0.0	0.0	0	0	0	0
baseline	21	10000	10000	10000	0	0	0	0	0	0	0	0	0	0	0	0	0.0	0.0	0.0	0.0	0	0	0	0
baseline	22	10000	10000	10000	0	0	0	0	0	0	0	0	0	0	0	0	0.0	0.0	0.0	0.0	0	0	0	0
baseline	23	10000	10000	10000	0	0	0	0	0	0	0	0	0	0	0	0	0.0	0.0	0.0	0.0	0	0	0	0
baseline	24	10000	10000	10000	0	0	0	0	0	0	0	0	0	0	0	0	0.0	0.0	0.0	0.0	0	0	0	0
baseline	25	10000	10000	10000	0	0	0	0	0	0	0	0	0	0	0	0	0.0	0.0	0.0	0.0	0	0	0	0
baseline	26	10000	10000	10000	0	0	0	0	0	0	0	0	0	0	0	0	0.0	0.0	0.0	0.0	0	0	0	0
baseline	27	10000	10000	10000	0	0	0	0	0	0	0	0	0	0	0	0	0.0	0.0	0.0	0.0	0	0	0	0
baseline	28	10000	10000	10000	0	0	0	0	0	0	0	0	0	0	0	0	0.0	0.0	0.0	0.0	0	0	0	0
baseline	29	10000	10000	10000	0	0	0	0	0	0	0	0	0	0	0	0	0.0	0.0	0.0	0.0	0	0	0	0
baseline	30	10000	10000	10000	0	0	0	0	0	0	0	0	0	0	0	0	0.0	0.0	0.0	0.0	0	0	0	0
baseline	31	10000	10000	10000	0	0	0	0	0	0	0	0	0	0	0	0	0.0	0.0	0.0	0.0	0	0	0	0
baseline	32	10000	10000	10000	0	0	0	0	0	0	0	0	0	0	0	0	0.0	0.0	0.0	0.0	0	0	0	0
baseline	33	10000	10000	10000	0	0	0	0	0	0	0	0	0	0	0	0	0.0	0.0	0.0	0.0	0	0	0	0
baseline	34	10000	10000	10000	0	0	0	0	0	0	0	0	0	0	0	0	0.0	0.0	0.0	0.0	0	0	0	0
baseline	35	10000	10000	10000	0	0	0	0	0	0	0	0	0	0	0	0	0.0	0.0	0.0	0.0	0	0	0	0
baseline	36	10000	10000	10000	0	0	0	0	0	0	0	0	0	0	0	0	0.0	0.0	0.0	0.0	0	0	0	0
baseline	37	10000	10000	10000	0	0	0	0	0	0	0	0	0	0	0	0	0.0	0.0	0.0	0.0	0	0	0	0
baseline	38	10000	10000	10000	0	0	0	0	0	0	0	0	0	0	0	0	0.0	0.0	0.0	0.0	0	0	0	0
baseline	39	10000	10000	10000	0	0	0	0	0	0	0	0	0	0	0	0	0.0	0.0	0.0	0.0	0	0	0	0
baseline	40	10000	9934	10000	66	66	0	0	0	0	0	0	0	0	0	0	0.0	0.0	0.0	0.0	0	0	0	0
baseline	41	10000	9854	10000	146	146	0	0	0	0	0	0	0	0	0	0	0.0	0.0	0.0	0.0	0	0	0	0
baseline	42	10000	9768	10000	232	232	0	0	0	0	0	0	0	0	0	0	0.0	0.0	0.0	0.0	0	0	0	0
baseline	43	10000	9644	10000	318	320	1	1	1	1	0	0	37	0	0	0	0.0	0.0	0.0	0.0	0	0	0	0
baseline	44	10000	9541	10000	390	393	2	2	2	2	0	0	67	0	0	0	0.0	0.0	0.0	0.0	0	0	0	0
baseline	45	10000	9437	10000	462	466	3	3	3	3	0	0	98	0	0	0	0.0	0.0	0.0	0.0	0	0	0	0
baseline	46	10000	9328	10000	527	540	10	10	10	10	0	0	135	0	0	0	0.0	0.0	0.0	0.0	0	0	0	0
baseline	47	10000	9217	10000	595	610	11	11	8	11	3	3	177	0	0	0	0.0	0.2454	0.0	10.32	0	0	3	0
baseline	48	10000	9129	10000	651	671	14	14	8	14	6	6	206	0	5	0	0.0	0.5993	0.0	21.36	0	0	6	0
baseline	49	10000	9009	10000	719	744	19	19	10	19	9	9	253	0	6	0	0.0	0.8892	0.0	33.12	0	0	9	0
baseline	50	10000	8946	10125	727	885	19	20	7	20	12	13	308	1	153	0	151.9586	13.5202	0.0	46.3331	2709	733	1518	0
baseline	51	10000	8763	10132	855	1028	21	23	7	23	14	15	361	1	160	0	156.56978599999422	20.168730686390557	0.0	52.77501766972552	5350	733	1598	0
baseline	52	10000	8586	10143	966	1160	25	28	9	28	16	17	423	1	178	0	160.9782788600025	26.58040723200313	0.27370309031608203	59.23290130917929	7953	733	1677	0
baseline	53	10000	8393	10148	1087	1294	29	32	9	32	20	21	491	1	188	0	165.07052205740052	33.451335930422395	0.5324904273209081	70.99095245125598	10444	733	1769	0
baseline	54	10000	8212	10154	1194	1424	38	42	16	42	22	24	556	2	200	0	169.03840443182037	41.62754159994148	0.7856858946970571	79.9140092024152	12934	733	1851	0
baseline	55	10000	8117	10236	1210	1543	47	53	20	53	27	30	626	3	317	0	194.13825539560247	54.679766374715754	10.63029863872442	97.56161049832015	15348	1446	2125	0
baseline	56	10000	7975	10244	1283	1639	52	59	20	59	32	36	690	3	335	0	197.69171396862896	60.69487536115874	11.247800645946644	115.42140349805928	17718	1446	2215	0
baseline	57	10000	7808	10258	1364	1750	54	65	20	65	34	42	774	6	363	0	201.0222192548178	66.15488054162907	12.487662907636686	132.16361551580133	20008	1446	2305	0
baseline	58	10000	7637	10274	1438	1865	66	77	27	77	39	47	859	6	402	0	204.3360429271917	72.45689259983882	13.147799042328426	145.1978727103685	22357	1446	2399	0
baseline	59	10000	7466	10289	1494	1969	76	90	31	90	45	56	964	8	446	0	207.5408729780559	78.50553992521172	13.807371553044245	168.35836224446913	24699	1446	2491	0
baseline	60	10000	7448	10559	1401	2163	83	97	21	97	62	73	1068	8	826	0	312.0536347256683	90.00901445173626	25.874057289001627	211.30723248498262	26969	2124	4103	0
baseline	61	10000	7200	10577	1528	2334	93	112	31	112	62	78	1179	13	863	0	315.0085448218259	95.52604292343574	26.90521606957193	222.82486638237884	29264	2124	4200	0
baseline	62	10000	6969	10593	1637	2491	96	119	28	119	68	87	1298	14	897	0	317.76989865011603	99.7351614494134	28.93999133221235	243.53891083444887	31475	2124	4296	0
baseline	63	10000	6737	10618	1721	2642	105	131	29	131	76	97	1437	15	960	0	320.44235461974506	105.16058814900988	30.9215149845649	268.0855376409887	33681	2124	4410	0
baseline	64	10000	6502	10648	1801	2790	108	141	24	141	84	111	1589	20	1046	0	322.919476590942	112.8590904951439	32.94701200741747	297.97113918733567	35789	2124	4533	0
baseline	65	10000	6409	10833	1703	2932	120	159	36	159	84	117	1768	25	1350	0	338.36067358685216	124.41537319804745	57.724471624878355	311.02838040942873	37935	2712	5105	0
baseline	66	10000	6204	10863	1741	3054	127	170	38	170	89	125	1928	27	1417	0	340.6604392654174	128.9525381171091	59.714132886104494	327.08278725605646	40015	2712	5213	0
baseline	67	10000	5982	10886	1784	3172	134	182	41	182	93	134	2100	30	1496	0	342.8011230757918	133.48909832827368	61.97696414880904	346.8190239248802	42011	2712	5328	0
baseline	68	10000	5750	10917	1806	3279	138	194	43	194	95	144	2306	34	1583	0	344.80788544959415	137.24303368317473	65.07433910044433	366.4838126086271	43940	2712	5445	0
baseline	69	10000	5540	10957	1800	3380	140	202	37	202	103	158	2520	39	1694	0	346.69894429243914	142.1613018167454	68.40359569417365	393.5841978587928	45814	2712	5588	0
baseline	70	10000	5598	11293	1504	3475	143	213	27	213	116	179	2755	41	2259	0	405.55973338574	151.108636643386	92.42938994589686	431.5165660123852	47649	3212	7138	0
baseline	71	10000	5349	11327	1525	3582	148	222	24	222	124	190	2978	44	2347	0	407.2146507460932	155.50009492479273	94.83570249510501	452.010764652147	49392	3212	7266	0
baseline	72	10000	5132	11362	1501	3662	152	232	25	232	127	198	3215	47	2423	0	408.76005682225616	159.42839991055092	97.71007240565785	466.42724737480506	51070	3212	7400	0
baseline	73	10000	4911	11396	1474	3731	148	241	25	241	123	205	3467	52	2505	0	410.2001395141107	162.63200912734277	102.14738554774725	477.9861359439684	52682	3212	7530	0
baseline	74	10000	4707	11433	1456	3815	144	251	23	251	121	213	3693	54	2592	0	411.5614911342322	166.02679109420538	105.84386043125585	491.54193809236625	54253	3212	7678	0
baseline	75	10000	4588	11609	1293	3899	152	264	29	264	123	220	3967	55	2892	0	419.1181225121299	172.59259263494644	133.15817401816935	502.66040993405653	55662	3603	8385	0
baseline	76	10000	4290	11618	1282	3976	148	277	35	277	113	224	4280	62	2917	0	419.1181225121299	172.83541378682034	135.99359173761653	509.5490682006128	55662	3603	8457	0
baseline	77	10000	4018	11625	1255	4032	151	289	40	289	111	229	4576	63	2939	0	419.1181225121299	173.09445832043295	138.44340368911196	516.4505172356744	55662	3603	8523	0
baseline	78	10000	3744	11639	1222	4103	146	300	36	300	110	243	4888	68	2979	0	419.1181225121299	173.7953838866599	141.02715250588722	536.7085170981171	55662	3603	8601	0
baseline	79	10000	3446	11661	1156	4166	157	325	52	325	105	251	5241	74	3031	0	419.1181225121299	174.14312245825474	144.2325246734956	547.8069555897257	55662	3603	8687	0
baseline	80	10000	3306	11742	998	4167	154	336	49	336	105	263	5542	79	3161	0	419.1181225121299	174.74671151676077	162.02343463217989	564.5649647803149	55662	3603	9161	0
baseline	81	10000	3060	11754	896	4167	147	344	39	344	108	279	5897	82	3206	0	419.1181225121299	175.42797837697853	163.9247873158992	587.6161140661945	55662	3603	9227	0
baseline	82	10000	2827	11759	812	4167	135	351	34	351	101	288	6226	87	3228	0	419.1181225121299	175.8076350986028	165.38346199644263	598.8650378099125	55662	3603	9279	0
baseline	83	10000	2570	11763	742	4167	127	363	32	363	95	299	6561	91	3256	0	419.1181225121299	176.34924428391406	166.88837527718516	613.2148980787202	55662	3603	9339	0
baseline	84	10000	2321	11764	656	4167	122	377	27	377	95	314	6901	95	3269	0	419.1181225121299	176.8536720782487	168.26791928680308	631.3008503498263	55662	3603	9399	0
baseline	85	10000	2090	11772	570	4167	111	384	28	384	83	320	7229	98	3291	0	419.1181225121299	177.1432757194369	176.81077887582256	638.3764448264035	55662	3603	9705	0
baseline	86	10000	1854	11774	492	4167	94	390	22	390	72	325	7560	100	3298	0	419.1181225121299	177.3139746544253	177.92985078120307	644.0649597718254	55662	3603	9750	0
baseline	87	10000	1613	11774	429	4167	91	400	22	400	69	334	7867	102	3313	0	419.1181225121299	177.69049663614797	178.57836568916838	654.3374273912603	55662	3603	9784	0
baseline	88	10000	1400	11774	363	4167	90	411	24	411	66	340	8147	106	3321	0	419.1181225121299	177.86372116521954	179.2093439104141	661.577617015594	55662	3603	9813	0
baseline	89	10000	1177	11774	290	4167	83	423	27	423	56	347	8450	109	3331	0	419.1181225121299	178.08747728488933	179.79504011595503	668.807450619774	55662	3603	9843	0
baseline	90	10000	975	11774	229	4167	77	429	20	429	57	355	8719	113	3342	0	419.1181225121299	178.34353525979134	183.20433324429163	676.6439707922392	55662	3603	9992	0
baseline	91	10000	786	11774	181	4167	67	432	15	432	52	360	8966	114	3346	0	419.1181225121299	178.49881658070927	183.6027368623815	681.7214441562112	55662	3603	10014	0
baseline	92	10000	621	11774	145	4167	52	437	13	437	39	364	9182	117	3349	0	419.1181225121299	178.6029773013265	183.86434076920565	686.0500163095656	55662	3603	10029	0
baseline	93	10000	497	11774	117	4167	45	437	7	437	38	370	9341	118	3354	0	419.1181225121299	178.78303346778213	184.04054705933365	691.4793098345889	55662	3603	10043	0
baseline	94	10000	372	11774	90	4167	39	439	6	439	33	372	9499	119	3356	0	419.1181225121299	178.83670689913316	184.20065643150926	693.1274814594589	55662	3603	10052	0
baseline	95	10000	270	11774	63	4167	33	441	5	441	28	374	9634	121	3358	0	419.1181225121299	178.89037394182114	185.7863989340081	695.0289497923557	55662	3603	10101	0
baseline	96	10000	200	11774	44	4167	24	441	2	441	22	376	9732	122	3361	0	419.1181225121299	178.95211445983043	185.89742714765825	696.8867579175304	55662	3603	10108	0
baseline	97	10000	148	11774	27	4167	15	441	1	441	14	377	9810	123	3361	0	419.1181225121299	178.97140265645456	185.95554556049913	697.697899682653	55662	3603	10112	0
baseline	98	10000	111	11774	17	4167	10	441	1	441	9	377	9862	123	3361	0	419.1181225121299	178.97140265645456	185.95554556049913	697.697899682653	55662	3603	10112	0
baseline	99	10000	71	11774	10	4167	7	441	1	441	6	377	9912	123	3361	0	419.1181225121299	178.97140265645456	185.99188426967672	697.697899682653	55662	3603	10114	0
baseline	100	10000	0	11774	0	4167	0	441	0	441	0	377	10000	123	3361	0	419.1181225121299	178.97140265645456	186.09891075589724	697.697899682653	55662	3603	10120	0
