description	age	n	num_state_healthy	tot_state_healthy	num_state_polyp	tot_state_polyp	num_state_cancer	tot_state_cancer	num_state_pre	tot_state_pre	num_state_clin	tot_state_clin	tot_state_dead	tot_state_dead_crc	tot_polyps_removed	tot_lesions_cured	tot_discounted_cost_routine	tot_discounted_cost_diagnostic	tot_discounted_cost_surveillance	tot_discounted_cost_treatment	tot_test0_performed	tot_test1_performed	tot_test2_performed	tot_test3_performed
baseline	1	10000	10000	10000	0	0	0	0	0	0	0	0	0	0	0	0	0.0	0.0	0.0	0.0	0	0	0	0
baseline	2	10000	10000	10000	0	0	0	0	0	0	0	0	0	0	0	0	0.0	0.0	0.0	0.0	0	0	0	0
baseline	3	10000	10000	10000	0	0	0	0	0	0	0	0	0	0	0	0	0.0	0.0	0.0	0.0	0	0	0	0
baseline	4	10000	10000	10000	0	0	0	0	0	0	0	0	0	0	0	0	0.0	0.0	0.0	0.0	0	0	0	0
baseline	5	10000	10000	10000	0	0	0	0	0	0	0	0	0	0	0	0	0.0	0.0	0.0	0.0	0	0	0	0
baseline	6	10000	10000	10000	0	0	0	0	0	0	0	0	0	0	0	0	0.0	0.0	0.0	0.0	0	0	0	0
baseline	7	10000	10000	10000	0	0	0	0	0	0	0	0	0	0	0	0	0.0	0.0	0.0	0.0	0	0	0	0
baseline	8	10000	10000	10000	0	0	0	0	0	0	0	0	0	0	0	0	0.0	0.0	0.0	0.0	0	0	0	0
baseline	9	10000	10000	10000	0	0	0	0	0	0	0	0	0	0	0	0	0.0	0.0	0.0	0.0	0	0	0	0
baseline	10	10000	10000	10000	0	0	0	0	0	0	0	0	0	0	0	0	0.0	0.0	0.0	0.0	0	0	0	0
baseline	11	10000	10000	10000	0	0	0	0	0	0	0	0	0	0	0	0	0.0	0.0	0.0	0.0	0	0	0	0
baseline	12	10000	10000	10000	0	0	0	0	0	0	0	0	0	0	0	0	0.0	0.0	0.0	0.0	0	0	0	0
baseline	13	10000	10000	10000	0	0	0	0	0	0	0	0	0	0	0	0	0.0	0.0	0.0	0.0	0	0	0	0
baseline	14	10000	10000	10000	0	0	0	0	0	0	0	0	0	0	0	0	0.0	0.0	0.0	0.0	0	0	0	0
baseline	15	10000	10000	10000	0	0	0	0	0	0	0	0	0	0	0	0	0.0	0.0	0.0	0.0	0	0	0	0
baseline	16	10000	10000	10000	0	0	0	0	0	0	0	0	0	0	0	0	0.0	0.0	0.0	0.0	0	0	0	0
baseline	17	10000	10000	10000	0	0	0	0	0	0	0	0	0	0	0	0	0.0	0.0	0.0	0.0	0	0	0	0
baseline	18	10000	10000	10000	0	0	0	0	0	0	0	0	0	0	0	0	0.0	0.0	0.0	0.0	0	0	0	0
baseline	19	10000	10000	10000	0	0	0	0	0	0	0	0	0	0	0	0	0.0	0.0	0.0	0.0	0	0	0	0
baseline	20	10000	10000	10000	0	0	0	0	0	0	0	0	0	0	0	0	0.0	0.0	0.0	0.0	0	0	0	0
baseline	21	10000	10000	10000	0	0	0	0	0	0	0	0	0	0	0	0	0.0	0.0	0.0	0.0	0	0	0	0
baseline	22	10000	10000	10000	0	0	0	0	0	0	0	0	0	0	0	0	0.0	0.0	0.0	0.0	0	0	0	0
baseline	23	10000	10000	10000	0	0	0	0	0	0	0	0	0	0	0	0	0.0	0.0	0.0	0.0	0	0	0	0
baseline	24	10000	10000	10000	0	0	0	0	0	0	0	0	0	0	0	0	0.0	0.0	0.0	0.0	0	0	0	0
baseline	25	10000	10000	10000	0	0	0	0	0	0	0	0	0	0	0	0	0.0	0.0	0.0	0.0	0	0	0	0
baseline	26	10000	10000	10000	0	0	0	0	0	0	0	0	0	0	0	0	0.0	0.0	0.0	0.0	0	0	0	0
baseline	27	10000	10000	10000	0	0	0	0	0	0	0	0	0	0	0	0	0.0	0.0	0.0	0.0	0	0	0	0
baseline	28	10000	10000	10000	0	0	0	0	0	0	0	0	0	0	0	0	0.0	0.0	0.0	0.0	0	0	0	0
baseline	29	10000	10000	10000	0	0	0	0	0	0	0	0	0	0	0	0	0.0	0.0	0.0	0.0	0	0	0	0
baseline	30	10000	10000	10000	0	0	0	0	0	0	0	0	0	0	0	0	0.0	0.0	0.0	0.0	0	0	0	0
baseline	31	10000	10000	10000	0	0	0	0	0	0	0	0	0	0	0	0	0.0	0.0	0.0	0.0	0	0	0	0
baseline	32	10000	10000	10000	0	0	0	0	0	0	0	0	0	0	0	0	0.0	0.0	0.0	0.0	0	0	0	0
baseline	33	10000	10000	10000	0	0	0	0	0	0	0	0	0	0	0	0	0.0	0.0	0.0	0.0	0	0	0	0
baseline	34	10000	10000	10000	0	0	0	0	0	0	0	0	0	0	0	0	0.0	0.0	0.0	0.0	0	0	0	0
baseline	35	10000	10000	10000	0	0	0	0	0	0	0	0	0	0	0	0	0.0	0.0	0.0	0.0	0	0	0	0
baseline	36	10000	10000	10000	0	0	0	0	0	0	0	0	0	0	0	0	0.0	0.0	0.0	0.0	0	0	0	0
baseline	37	10000	10000	10000	0	0	0	0	0	0	0	0	0	0	0	0	0.0	0.0	0.0	0.0	0	0	0	0
baseline	38	10000	10000	10000	0	0	0	0	0	0	0	0	0	0	0	0	0.0	0.0	0.0	0.0	0	0	0	0
baseline	39	10000	10000	10000	0	0	0	0	0	0	0	0	0	0	0	0	0.0	0.0	0.0	0.0	0	0	0	0
baseline	40	10000	9934	10000	66	66	0	0	0	0	0	0	0	0	0	0	0.0	0.0	0.0	0.0	0	0	0	0
baseline	41	10000	9854	10000	146	146	0	0	0	0	0	0	0	0	0	0	0.0	0.0	0.0	0.0	0	0	0	0
baseline	42	10000	9768	10000	232	232	0	0	0	0	0	0	0	0	0	0	0.0	0.0	0.0	0.0	0	0	0	0
baseline	43	10000	9657	10000	318	320	1	1	1	1	0	0	24	0	0	0	0.0	0.0	0.0	0.0	0	0	0	0
baseline	44	10000	9565	10000	390	393	2	2	2	2	0	0	43	0	0	0	0.0	0.0	0.0	0.0	0	0	0	0
baseline	45	10000	9477	10000	462	466	3	3	3	3	0	0	58	0	0	0	0.0	0.0	0.0	0.0	0	0	0	0
baseline	46	10000	9384	10000	529	540	10	10	10	10	0	0	77	0	0	0	0.0	0.0	0.0	0.0	0	0	0	0
baseline	47	10000	9292	10000	598	610	11	11	8	11	3	3	99	0	0	0	0.0	0.2454	0.0	10.32	0	0	3	0
baseline	48	10000	9203	10000	654	671	14	14	8	14	6	6	129	0	5	0	0.0	0.5993	0.0	21.36	0	0	6	0
baseline	49	10000	9106	10000	722	744	19	19	10	19	9	9	153	0	6	0	0.0	0.8892	0.0	33.12	0	0	9	0
baseline	50	10000	9001	10057	801	883	21	21	8	21	13	13	177	0	71	0	62.776	6.2775	0.0	46.1508	1092	304	656	0
baseline	51	10000	8847	10058	936	1024	25	25	11	25	14	14	192	0	72	0	64.64072800000005	8.223788313645464	0.0	49.26374794942326	2160	304	680	0
baseline	52	10000	8688	10060	1057	1155	31	31	14	31	17	17	224	0	76	0	66.49693551999968	11.115943596081426	0.2677273036705733	59.345875473971546	3256	304	719	0
baseline	53	10000	8533	10064	1173	1282	32	33	11	33	21	22	262	1	82	0	68.19560250760003	13.553553637247951	0.5265146406753994	74.42037975211858	4290	304	752	0
baseline	54	10000	8364	10067	1289	1413	40	41	11	41	29	30	307	1	90	0	69.88792824319574	16.757328374673147	0.7797101080515483	97.75929567627647	5352	304	796	0
baseline	55	10000	8241	10101	1365	1533	41	45	12	45	29	33	353	4	137	0	80.00845222967928	23.139835067678277	5.370330462638613	106.56158505101088	6393	588	929	0
baseline	56	10000	8102	10101	1450	1629	46	52	15	52	31	37	402	4	142	0	81.54828427799228	25.097064048356472	5.5055907870986776	117.196057399024	7420	588	958	0
baseline	57	10000	7950	10103	1534	1737	52	60	19	60	33	41	464	6	149	0	83.02010582804569	27.18964768183289	5.974013265207064	128.04809707564485	8432	588	994	0
baseline	58	10000	7798	10108	1615	1849	66	75	30	75	36	45	521	7	160	0	84.5225418480876	30.14176368223478	6.483881436578541	138.12884477266036	9497	588	1044	0
baseline	59	10000	7658	10116	1675	1945	83	93	36	93	47	57	584	8	188	0	85.94295755807791	34.04651350565797	7.106663002667548	168.772846043648	10535	588	1107	0
baseline	60	10000	7559	10241	1699	2120	92	103	33	103	59	70	650	9	383	0	128.43281955287463	40.49930078342177	14.867880764669733	202.26742248830436	11556	880	1789	0
baseline	61	10000	7353	10246	1823	2280	111	123	45	123	66	78	713	10	407	0	129.69847385549915	43.35199989108534	15.100810969999129	221.60935321647307	12539	880	1833	0
baseline	62	10000	7152	10259	1933	2435	120	138	40	138	80	96	795	12	443	0	130.8836953765517	47.4163388621731	15.699940407349228	262.91276238682406	13488	880	1902	0
baseline	63	10000	6938	10265	2044	2587	132	153	43	153	89	108	886	14	468	0	132.06606936855434	49.787678838480936	16.447810486242886	290.09745527501246	14464	880	1949	0
baseline	64	10000	6733	10274	2130	2722	144	168	46	168	98	120	993	17	506	0	133.14716624402894	52.45396327367971	17.80221510175475	315.97658019706796	15384	880	2011	0
baseline	65	10000	6607	10372	2139	2864	158	187	49	187	109	136	1096	21	690	0	140.05954624928935	59.36078711742922	29.994516331280053	349.5616691185349	16349	1143	2308	0
baseline	66	10000	6428	10382	2191	2975	171	210	56	210	115	149	1210	27	741	0	141.11102565328682	62.24398320727246	31.188057503704226	377.4770207105216	17300	1143	2372	0
baseline	67	10000	6268	10399	2219	3073	184	234	62	234	122	166	1329	34	809	0	142.10307601631163	65.46493654646433	33.09211915709714	411.42208558031126	18225	1143	2456	0
baseline	68	10000	6087	10418	2242	3177	195	254	67	254	128	181	1476	40	891	0	143.0247926898153	68.63615626216789	34.54429037511234	440.2411701417459	19111	1143	2531	0
baseline	69	10000	5910	10442	2249	3272	213	281	76	281	137	197	1628	45	967	0	143.88757567307732	72.02575563100453	36.24350460111487	472.14034953748387	19966	1143	2615	0
baseline	70	10000	5898	10641	2059	3352	226	302	68	302	158	225	1817	51	1372	0	172.40915392410955	78.51093684569413	48.326378315063934	524.535606929041	20822	1384	3401	0
baseline	71	10000	5718	10657	2072	3444	242	326	73	326	169	243	1968	54	1438	0	173.2057549942967	81.44223224301143	49.716446554725884	557.3055129883128	21661	1384	3480	0
baseline	72	10000	5524	10681	2061	3537	257	354	79	354	178	263	2158	60	1536	0	174.00424549968008	84.67747213263878	51.93947116794047	591.4851869889098	22528	1384	3579	0
baseline	73	10000	5341	10699	2024	3600	276	386	87	386	189	286	2359	67	1593	0	174.71177992396596	87.20245010906962	53.85448947194754	629.9113907656407	23320	1384	3669	0
baseline	74	10000	5129	10718	2004	3686	279	412	78	412	201	318	2588	80	1672	0	175.39548866252503	90.21961033334061	56.562134620536234	681.1986673600936	24109	1384	3789	0
baseline	75	10000	5034	10849	1840	3750	295	449	89	449	206	341	2831	93	1926	0	179.37359947911614	96.16101323528319	72.351715475113	717.7511417309233	24867	1589	4260	0
baseline	76	10000	4807	10854	1821	3817	306	474	86	474	220	367	3066	102	1972	0	179.37359947911614	97.55146959440111	75.06846530818508	755.8955268286247	24867	1589	4326	0
baseline	77	10000	4587	10867	1765	3879	320	509	96	509	224	386	3328	112	2035	0	179.37359947911614	98.56327278327464	77.6515003630482	784.1183962955358	24867	1589	4406	0
baseline	78	10000	4378	10875	1721	3945	327	541	103	541	224	406	3574	124	2073	0	179.37359947911614	99.44952347797404	79.62802194903463	812.7815412831824	24867	1589	4476	0
baseline	79	10000	4177	10882	1668	3998	321	565	100	565	221	431	3834	140	2140	0	179.37359947911614	100.7489313762171	82.13639145515123	847.0421789916651	24867	1589	4569	0
baseline	80	10000	4041	10938	1504	3998	315	593	94	593	221	456	4140	150	2251	0	179.37359947911614	101.76709350871957	94.60371141085847	880.2981644798642	24867	1589	4934	0
baseline	81	10000	3829	10939	1381	3998	321	623	98	623	223	481	4469	160	2316	0	179.37359947911614	103.0832413065344	95.88766899906614	914.26193033561	24867	1589	4999	0
baseline	82	10000	3598	10945	1273	3998	314	647	83	647	231	514	4815	169	2380	0	179.37359947911614	104.50562343316676	97.46216519992045	956.4991296613139	24867	1589	5077	0
baseline	83	10000	3368	10947	1160	3998	299	666	72	666	227	535	5173	178	2414	0	179.37359947911614	105.34674936198927	98.81560740391859	983.2719554418985	24867	1589	5140	0
baseline	84	10000	3131	10949	1069	3998	291	691	77	691	214	553	5509	188	2438	0	179.37359947911614	105.98032719707994	100.3651067010561	1006.3572131032897	24867	1589	5207	0
baseline	85	10000	2866	10952	969	3998	276	711	72	711	204	569	5889	195	2458	0	179.37359947911614	106.51491466462645	107.54433004065466	1025.6207242742503	24867	1589	5473	0
baseline	86	10000	2614	10952	869	3998	257	729	63	729	194	587	6260	205	2487	0	179.37359947911614	107.25685424892438	108.4030828660349	1046.5262054657733	24867	1589	5523	0
baseline	87	10000	2338	10952	792	3998	233	741	56	741	177	597	6637	212	2508	0	179.37359947911614	107.59620426142921	109.6612235244989	1057.5270607036834	24867	1589	5577	0
baseline	88	10000	2112	10952	682	3998	214	759	54	759	160	613	6992	220	2534	0	179.37359947911614	108.2149105827027	110.48137715717701	1074.0623655182806	24867	1589	5625	0
baseline	89	10000	1866	10952	583	3998	181	771	50	771	131	622	7370	229	2550	0	179.37359947911614	108.55426292649616	111.20254918372352	1083.6970573507149	24867	1589	5663	0
baseline	90	10000	1630	10952	500	3998	168	782	49	782	119	630	7702	231	2561	0	179.37359947911614	108.80508741415441	114.70789785141616	1091.6075156606323	24867	1589	5815	0
baseline	91	10000	1408	10952	401	3998	146	798	43	798	103	644	8045	241	2575	0	179.37359947911614	109.2496654920432	115.0685223881947	1104.7775608789527	24867	1589	5844	0
baseline	92	10000	1194	10952	334	3998	124	805	37	805	87	652	8348	248	2586	0	179.37359947911614	109.52409035357694	115.4090954085848	1112.2203032278235	24867	1589	5868	0
baseline	93	10000	977	10952	260	3998	112	818	32	818	80	665	8651	251	2610	0	179.37359947911614	109.8979554727792	115.76099003981818	1124.6100484259239	24867	1589	5896	0
baseline	94	10000	793	10952	210	3998	93	820	19	820	74	674	8904	253	2621	0	179.37359947911614	110.15488489045457	115.90969204717837	1132.8201214975702	24867	1589	5912	0
baseline	95	10000	627	10952	160	3998	82	821	16	821	66	677	9131	254	2626	0	179.37359947911614	110.29266611728887	117.20741557919202	1135.280846226172	24867	1589	5979	0
baseline	96	10000	488	10952	123	3998	67	823	12	823	55	681	9322	258	2628	0	179.37359947911614	110.39419847200385	117.32763799617523	1138.5210217256572	24867	1589	5989	0
baseline	97	10000	376	10952	93	3998	49	824	6	824	43	682	9482	259	2629	0	179.37359947911614	110.42378405141703	117.44468508058199	1139.4954952835255	24867	1589	5996	0
baseline	98	10000	261	10952	63	3998	39	827	6	827	33	683	9637	260	2633	0	179.37359947911614	110.45418961572598	117.65279300294945	1140.2831092987578	24867	1589	6007	0
baseline	99	10000	186	10952	38	3998	33	829	7	829	26	683	9743	261	2633	0	179.37359947911614	110.45418961572598	117.70764937382056	1140.2831092987578	24867	1589	6010	0
baseline	100	10000	0	10952	0	3998	0	829	0	829	0	683	10000	261	2633	0	179.37359947911614	110.45418961572598	117.95737784166842	1140.2831092987578	24867	1589	6024	0
