description	age	n	num_state_healthy	tot_state_healthy	num_state_polyp	tot_state_polyp	num_state_cancer	tot_state_cancer	num_state_pre	tot_state_pre	num_state_clin	tot_state_clin	tot_state_dead	tot_state_dead_crc	tot_polyps_removed	tot_lesions_cured	tot_discounted_cost_routine	tot_discounted_cost_diagnostic	tot_discounted_cost_surveillance	tot_discounted_cost_treatment	tot_test0_performed	tot_test1_performed	tot_test2_performed	tot_test3_performed
baseline	1	10000	10000	10000	0	0	0	0	0	0	0	0	0	0	0	0	0.0	0.0	0.0	0.0	0	0	0	0
baseline	2	10000	10000	10000	0	0	0	0	0	0	0	0	0	0	0	0	0.0	0.0	0.0	0.0	0	0	0	0
baseline	3	10000	10000	10000	0	0	0	0	0	0	0	0	0	0	0	0	0.0	0.0	0.0	0.0	0	0	0	0
baseline	4	10000	10000	10000	0	0	0	0	0	0	0	0	0	0	0	0	0.0	0.0	0.0	0.0	0	0	0	0
baseline	5	10000	10000	10000	0	0	0	0	0	0	0	0	0	0	0	0	0.0	0.0	0.0	0.0	0	0	0	0
baseline	6	10000	10000	10000	0	0	0	0	0	0	0	0	0	0	0	0	0.0	0.0	0.0	0.0	0	0	0	0
baseline	7	10000	10000	10000	0	0	0	0	0	0	0	0	0	0	0	0	0.0	0.0	0.0	0.0	0	0	0	0
baseline	8	10000	10000	10000	0	0	0	0	0	0	0	0	0	0	0	0	0.0	0.0	0.0	0.0	0	0	0	0
baseline	9	10000	10000	10000	0	0	0	0	0	0	0	0	0	0	0	0	0.0	0.0	0.0	0.0	0	0	0	0
baseline	10	10000	10000	10000	0	0	0	0	0	0	0	0	0	0	0	0	0.0	0.0	0.0	0.0	0	0	0	0
baseline	11	10000	10000	10000	0	0	0	0	0	0	0	0	0	0	0	0	0.0	0.0	0.0	0.0	0	0	0	0
baseline	12	10000	10000	10000	0	0	0	0	0	0	0	0	0	0	0	0	0.0	0.0	0.0	0.0	0	0	0	0
baseline	13	10000	10000	10000	0	0	0	0	0	0	0	0	0	0	0	0	0.0	0.0	0.0	0.0	0	0	0	0
baseline	14	10000	10000	10000	0	0	0	0	0	0	0	0	0	0	0	0	0.0	0.0	0.0	0.0	0	0	0	0
baseline	15	10000	10000	10000	0	0	0	0	0	0	0	0	0	0	0	0	0.0	0.0	0.0	0.0	0	0	0	0
baseline	16	10000	10000	10000	0	0	0	0	0	0	0	0	0	0	0	0	0.0	0.0	0.0	0.0	0	0	0	0
baseline	17	10000	10000	10000	0	0	0	0	0	0	0	0	0	0	0	0	0.0	0.0	0.0	0.0	0	0	0	0
baseline	18	10000	10000	10000	0	0	0	0	0	0	0	0	0	0	0	0	0.0	0.0	0.0	0.0	0	0	0	0
baseline	19	10000	10000	10000	0	0	0	0	0	0	0	0	0	0	0	0	0.0	0.0	0.0	0.0	0	0	0	0
baseline	20	10000	10000	10000	0	0	0	0	0	0	0	0	0	0	0	0	0.0	0.0	0.0	0.0	0	0	0	0
baseline	21	10000	10000	10000	0	0	0	0	0	0	0	0	0	0	0	0	0.0	0.0	0.0	0.0	0	0	0	0
baseline	22	10000	10000	10000	0	0	0	0	0	0	0	0	0	0	0	0	0.0	0.0	0.0	0.0	0	0	0	0
baseline	23	10000	10000	10000	0	0	0	0	0	0	0	0	0	0	0	0	0.0	0.0	0.0	0.0	0	0	0	0
baseline	24	10000	10000	10000	0	0	0	0	0	0	0	0	0	0	0	0	0.0	0.0	0.0	0.0	0	0	0	0
baseline	25	10000	10000	10000	0	0	0	0	0	0	0	0	0	0	0	0	0.0	0.0	0.0	0.0	0	0	0	0
baseline	26	10000	10000	10000	0	0	0	0	0	0	0	0	0	0	0	0	0.0	0.0	0.0	0.0	0	0	0	0
baseline	27	10000	10000	10000	0	0	0	0	0	0	0	0	0	0	0	0	0.0	0.0	0.0	0.0	0	0	0	0
baseline	28	10000	10000	10000	0	0	0	0	0	0	0	0	0	0	0	0	0.0	0.0	0.0	0.0	0	0	0	0
baseline	29	10000	10000	10000	0	0	0	0	0	0	0	0	0	0	0	0	0.0	0.0	0.0	0.0	0	0	0	0
baseline	30	10000	10000	10000	0	0	0	0	0	0	0	0	0	0	0	0	0.0	0.0	0.0	0.0	0	0	0	0
baseline	31	10000	10000	10000	0	0	0	0	0	0	0	0	0	0	0	0	0.0	0.0	0.0	0.0	0	0	0	0
baseline	32	10000	10000	10000	0	0	0	0	0	0	0	0	0	0	0	0	0.0	0.0	0.0	0.0	0	0	0	0
baseline	33	10000	10000	10000	0	0	0	0	0	0	0	0	0	0	0	0	0.0	0.0	0.0	0.0	0	0	0	0
baseline	34	10000	10000	10000	0	0	0	0	0	0	0	0	0	0	0	0	0.0	0.0	0.0	0.0	0	0	0	0
baseline	35	10000	10000	10000	0	0	0	0	0	0	0	0	0	0	0	0	0.0	0.0	0.0	0.0	0	0	0	0
baseline	36	10000	10000	10000	0	0	0	0	0	0	0	0	0	0	0	0	0.0	0.0	0.0	0.0	0	0	0	0
baseline	37	10000	10000	10000	0	0	0	0	0	0	0	0	0	0	0	0	0.0	0.0	0.0	0.0	0	0	0	0
baseline	38	10000	10000	10000	0	0	0	0	0	0	0	0	0	0	0	0	0.0	0.0	0.0	0.0	0	0	0	0
baseline	39	10000	10000	10000	0	0	0	0	0	0	0	0	0	0	0	0	0.0	0.0	0.0	0.0	0	0	0	0
baseline	40	10000	9934	10000	66	66	0	0	0	0	0	0	0	0	0	0	0.0	0.0	0.0	0.0	0	0	0	0
baseline	41	10000	9854	10000	146	146	0	0	0	0	0	0	0	0	0	0	0.0	0.0	0.0	0.0	0	0	0	0
baseline	42	10000	9768	10000	232	232	0	0	0	0	0	0	0	0	0	0	0.0	0.0	0.0	0.0	0	0	0	0
baseline	43	10000	9626	10000	318	320	1	1	1	1	0	0	55	0	0	0	0.0	0.0	0.0	0.0	0	0	0	0
baseline	44	10000	9497	10000	390	393	2	2	2	2	0	0	111	0	0	0	0.0	0.0	0.0	0.0	0	0	0	0
baseline	45	10000	9362	10000	459	465	3	3	3	3	0	0	176	0	0	0	0.0	0.0	0.0	0.0	0	0	0	0
baseline	46	10000	9239	10000	525	539	9	9	7	9	2	2	227	0	0	0	0.0	0.1636	0.0	6.5154	0	0	2	0
baseline	47	10000	9092	10000	590	609	10	10	7	10	3	3	308	0	0	0	0.0	0.2454	0.0	9.9554	0	0	3	0
baseline	48	10000	8950	10000	641	669	11	11	7	11	4	4	398	0	1	0	0.0	0.3717	0.0	12.8954	0	0	4	0
baseline	49	10000	8785	10000	704	741	12	13	6	13	6	7	499	1	1	0	0.0	0.7807	0.0	24.1554	0	0	9	0
baseline	50	10000	8672	10110	725	876	11	14	5	14	6	9	592	3	130	0	147.7578	11.977452911638007	0.0	31.091907715163945	2684	677	1482	0
baseline	51	10000	8457	10118	836	1011	14	18	7	18	7	11	693	4	141	0	152.2083539999942	18.641206728473172	0.07823855759593827	38.46256812619308	5233	677	1561	0
baseline	52	10000	8243	10126	942	1138	16	22	8	22	8	14	799	6	154	0	156.43054866000213	24.848290407771508	0.1534166659703995	48.41732161139014	7726	677	1637	0
baseline	53	10000	8027	10135	1041	1261	20	27	9	27	11	18	912	6	167	0	160.38972413399904	31.541464911806187	0.1534166659703995	61.86795912654251	10136	677	1721	0
baseline	54	10000	7789	10142	1137	1387	25	32	10	32	15	22	1049	6	179	0	164.2014408567349	37.85077288080595	0.29651730516199043	75.29724832988164	12528	677	1805	0
baseline	55	10000	7634	10212	1161	1499	27	35	9	35	18	26	1178	7	281	0	188.04401933349078	49.2974360092955	8.576352488972883	87.0641260230877	14846	1353	2043	0
baseline	56	10000	7456	10229	1210	1589	33	41	13	41	20	28	1301	7	306	0	191.35908131870673	54.896371234207784	9.300788241659632	92.61780252469806	17057	1353	2125	0
baseline	57	10000	7232	10242	1269	1691	41	49	19	49	22	30	1458	7	331	0	194.50779046481932	61.01502991702569	10.10251390809701	98.03020467677439	19222	1353	2219	0
baseline	58	10000	7010	10258	1327	1801	52	61	22	61	30	38	1611	7	382	0	197.55780612240707	67.36859770241558	10.910512524223465	119.44866220882214	21384	1353	2312	0
baseline	59	10000	6761	10270	1372	1888	55	67	17	67	38	48	1812	8	405	0	200.49990031940018	71.88288104132903	11.661623532955023	144.15634268849973	23534	1353	2388	0
baseline	60	10000	6701	10537	1262	2074	56	71	12	71	44	57	1981	9	774	0	294.40710201642224	82.05033239544211	21.562193371286867	166.33648350343324	25668	1906	3833	0
baseline	61	10000	6416	10554	1351	2230	71	88	20	88	51	66	2162	10	812	0	297.01695071573016	87.30941881965931	22.918261771261253	188.64336942866544	27695	1906	3932	0
baseline	62	10000	6110	10569	1442	2371	71	95	21	95	50	71	2377	11	846	0	299.52477454531237	91.78798189639024	24.491953135255084	200.62163657989652	29703	1906	4025	0
baseline	63	10000	5848	10589	1496	2496	77	105	28	105	49	74	2579	14	900	0	301.8313729887286	95.5878984716356	26.781471037899856	207.1646567870011	31607	1906	4118	0
baseline	64	10000	5573	10611	1541	2616	84	117	32	117	52	81	2802	17	958	0	304.0147186350681	100.37815468969455	28.174370834276978	223.02015630884316	33465	1906	4214	0
baseline	65	10000	5442	10773	1454	2739	91	128	32	128	59	92	3013	19	1218	0	317.33857695497954	109.64669904735452	50.07009615608105	248.0873702206417	35227	2418	4706	0
baseline	66	10000	5210	10803	1462	2844	89	136	23	136	66	107	3239	23	1296	0	319.2436232358296	114.24658543186935	52.26120586081222	277.2405730658777	36950	2418	4818	0
baseline	67	10000	4978	10823	1478	2943	97	147	24	147	73	117	3447	25	1358	0	321.06685093003597	117.83876005850192	53.797621786750774	297.87172436427716	38650	2418	4905	0
baseline	68	10000	4780	10852	1475	3028	103	159	25	159	78	127	3642	27	1431	0	322.7604793097926	121.50934699987747	56.254691776682975	318.7237691320114	40278	2418	5009	0
baseline	69	10000	4564	10871	1464	3107	106	170	23	170	83	140	3866	31	1488	0	324.30844316514225	124.6514367008283	58.1223608925128	343.050815829783	41812	2418	5100	0
baseline	70	10000	4559	11155	1190	3193	114	186	26	186	88	151	4137	35	1993	0	371.87685331266033	132.90696350807517	77.14391868899752	363.1538881302397	43241	2834	6372	0
baseline	71	10000	4302	11179	1181	3279	121	197	28	197	93	157	4396	36	2056	0	373.18996330082393	135.95038211370306	79.98440501765123	374.08939207342144	44624	2834	6484	0
baseline	72	10000	4031	11205	1175	3351	117	200	20	200	97	168	4677	38	2122	0	374.42591976936467	138.7319625168223	82.10682977517695	393.2124582895133	45966	2834	6579	0
baseline	73	10000	3803	11235	1130	3412	110	209	19	209	91	174	4957	43	2182	0	375.54886266245467	141.23125923751317	84.67247430522565	403.4807918586144	47223	2834	6682	0
baseline	74	10000	3569	11267	1076	3469	116	223	25	223	91	181	5239	45	2259	0	376.5687931887971	143.66125088257502	86.95748976946167	414.42305248134204	48400	2834	6775	0
baseline	75	10000	3474	11416	909	3515	123	237	29	237	94	190	5494	49	2498	0	382.270414247542	148.85967677872685	107.41240249288005	429.08506428126395	49541	3125	7346	0
baseline	76	10000	3209	11429	882	3573	123	245	29	245	94	197	5786	53	2526	0	382.270414247542	149.21371086077994	109.96158231026756	439.9386753010087	49541	3125	7414	0
baseline	77	10000	2968	11440	840	3622	121	252	28	252	93	205	6071	55	2549	0	382.270414247542	149.58382611879196	111.96228174782735	452.68298720064183	49541	3125	7470	0
baseline	78	10000	2731	11455	810	3677	110	263	29	263	81	211	6349	61	2580	0	382.270414247542	149.92209499128955	113.89498088615417	460.8592507624402	49541	3125	7524	0
baseline	79	10000	2475	11463	763	3711	113	272	27	272	86	219	6649	61	2604	0	382.270414247542	150.2221049240154	115.93236153904049	471.16547364089394	49541	3125	7585	0
baseline	80	10000	2327	11519	649	3712	108	279	26	279	82	227	6916	65	2683	0	382.270414247542	150.52018446872427	129.04226881163262	482.1094343671569	49541	3125	7957	0
baseline	81	10000	2136	11525	577	3712	100	285	20	285	80	237	7187	68	2704	0	382.270414247542	150.98652519289894	130.49785419421463	495.8311503497214	49541	3125	8010	0
baseline	82	10000	1943	11530	514	3712	93	292	20	292	73	243	7450	69	2719	0	382.270414247542	151.2676634131215	131.59014025052147	503.37456525212406	49541	3125	8048	0
baseline	83	10000	1781	11533	459	3712	86	297	19	297	67	248	7674	72	2726	0	382.270414247542	151.45360861333995	132.32757012509006	509.89588203401564	49541	3125	8076	0
baseline	84	10000	1591	11534	391	3712	81	302	14	302	67	255	7937	74	2732	0	382.270414247542	151.69015850082278	134.11926786668286	517.9943329870724	49541	3125	8115	0
baseline	85	10000	1423	11537	345	3712	79	311	15	311	64	259	8153	75	2743	0	382.270414247542	151.85679402128503	140.44378030080057	522.8889979447018	49541	3125	8342	0
baseline	86	10000	1258	11537	285	3712	61	311	8	311	53	263	8396	79	2746	0	382.270414247542	151.9807046976821	141.3033436732724	527.2352401324157	49541	3125	8377	0
baseline	87	10000	1069	11537	251	3712	50	314	6	314	44	266	8630	82	2750	0	382.270414247542	152.08064704722847	141.69959739143025	530.5661783685756	49541	3125	8395	0
baseline	88	10000	920	11537	209	3712	49	320	9	320	40	268	8822	86	2755	0	382.270414247542	152.1647918931844	142.03372724520526	532.4828280584683	49541	3125	8410	0
baseline	89	10000	775	11537	162	3712	49	326	12	326	37	269	9014	87	2755	0	382.270414247542	152.18912381931705	142.43176795933567	533.720246306778	49541	3125	8427	0
baseline	90	10000	644	11537	140	3712	42	328	10	328	32	272	9174	89	2759	0	382.270414247542	152.27794523637633	145.05574410137214	536.6957806540727	49541	3125	8538	0
baseline	91	10000	539	11537	119	3712	37	331	10	331	27	274	9305	91	2759	0	382.270414247542	152.32442251679112	145.43025967428494	538.5092362219273	49541	3125	8556	0
baseline	92	10000	438	11537	100	3712	30	331	5	331	25	277	9432	92	2761	0	382.270414247542	152.41651695407904	145.61233711061524	541.4180412504842	49541	3125	8567	0
baseline	93	10000	340	11537	74	3712	25	332	4	332	21	278	9561	92	2761	0	382.270414247542	152.43847456593974	145.76654457404248	542.3414420426707	49541	3125	8575	0
baseline	94	10000	269	11537	53	3712	19	335	5	335	14	280	9659	96	2762	0	382.270414247542	152.49237986368487	145.80937373900326	544.3110815407754	49541	3125	8579	0
baseline	95	10000	215	11537	35	3712	13	337	3	337	10	281	9737	97	2762	0	382.270414247542	152.5129540365418	146.7019596819258	545.3573964440119	49541	3125	8623	0
baseline	96	10000	174	11537	29	3712	8	337	1	337	7	282	9789	97	2764	0	382.270414247542	152.5452465261566	146.80264562015256	546.193888644877	49541	3125	8629	0
baseline	97	10000	127	11537	20	3712	6	337	1	337	5	282	9847	97	2764	0	382.270414247542	152.5452465261566	146.86127915386098	546.193888644877	49541	3125	8632	0
baseline	98	10000	100	11537	11	3712	4	338	0	338	4	282	9885	97	2764	0	382.270414247542	152.5452465261566	146.89919550565907	546.193888644877	49541	3125	8634	0
baseline	99	10000	76	11537	6	3712	2	338	0	338	2	282	9916	97	2764	0	382.270414247542	152.5452465261566	146.91758493628114	546.193888644877	49541	3125	8635	0
baseline	100	10000	0	11537	0	3712	0	338	0	338	0	282	10000	97	2764	0	382.270414247542	152.5452465261566	147.1494756564256	546.193888644877	49541	3125	8648	0
