description	age	n	num_state_healthy	tot_state_healthy	num_state_polyp	tot_state_polyp	num_state_cancer	tot_state_cancer	num_state_pre	tot_state_pre	num_state_clin	tot_state_clin	tot_state_dead	tot_state_dead_crc	tot_polyps_removed	tot_lesions_cured	tot_discounted_cost_routine	tot_discounted_cost_diagnostic	tot_discounted_cost_surveillance	tot_discounted_cost_treatment	tot_test0_performed	tot_test1_performed	tot_test2_performed	tot_test3_performed
baseline	1	10000	10000	10000	0	0	0	0	0	0	0	0	0	0	0	0	0.0	0.0	0.0	0.0	0	0	0	0
baseline	2	10000	10000	10000	0	0	0	0	0	0	0	0	0	0	0	0	0.0	0.0	0.0	0.0	0	0	0	0
baseline	3	10000	10000	10000	0	0	0	0	0	0	0	0	0	0	0	0	0.0	0.0	0.0	0.0	0	0	0	0
baseline	4	10000	10000	10000	0	0	0	0	0	0	0	0	0	0	0	0	0.0	0.0	0.0	0.0	0	0	0	0
baseline	5	10000	10000	10000	0	0	0	0	0	0	0	0	0	0	0	0	0.0	0.0	0.0	0.0	0	0	0	0
baseline	6	10000	10000	10000	0	0	0	0	0	0	0	0	0	0	0	0	0.0	0.0	0.0	0.0	0	0	0	0
baseline	7	10000	10000	10000	0	0	0	0	0	0	0	0	0	0	0	0	0.0	0.0	0.0	0.0	0	0	0	0
baseline	8	10000	10000	10000	0	0	0	0	0	0	0	0	0	0	0	0	0.0	0.0	0.0	0.0	0	0	0	0
baseline	9	10000	10000	10000	0	0	0	0	0	0	0	0	0	0	0	0	0.0	0.0	0.0	0.0	0	0	0	0
baseline	10	10000	10000	10000	0	0	0	0	0	0	0	0	0	0	0	0	0.0	0.0	0.0	0.0	0	0	0	0
baseline	11	10000	10000	10000	0	0	0	0	0	0	0	0	0	0	0	0	0.0	0.0	0.0	0.0	0	0	0	0
baseline	12	10000	10000	10000	0	0	0	0	0	0	0	0	0	0	0	0	0.0	0.0	0.0	0.0	0	0	0	0
baseline	13	10000	10000	10000	0	0	0	0	0	0	0	0	0	0	0	0	0.0	0.0	0.0	0.0	0	0	0	0
baseline	14	10000	10000	10000	0	0	0	0	0	0	0	0	0	0	0	0	0.0	0.0	0.0	0.0	0	0	0	0
baseline	15	10000	10000	10000	0	0	0	0	0	0	0	0	0	0	0	0	0.0	0.0	0.0	0.0	0	0	0	0
baseline	16	10000	10000	10000	0	0	0	0	0	0	0	0	0	0	0	0	0.0	0.0	0.0	0.0	0	0	0	0
baseline	17	10000	10000	10000	0	0	0	0	0	0	0	0	0	0	0	0	0.0	0.0	0.0	0.0	0	0	0	0
baseline	18	10000	10000	10000	0	0	0	0	0	0	0	0	0	0	0	0	0.0	0.0	0.0	0.0	0	0	0	0
baseline	19	10000	10000	10000	0	0	0	0	0	0	0	0	0	0	0	0	0.0	0.0	0.0	0.0	0	0	0	0
baseline	20	10000	10000	10000	0	0	0	0	0	0	0	0	0	0	0	0	0.0	0.0	0.0	0.0	0	0	0	0
baseline	21	10000	10000	10000	0	0	0	0	0	0	0	0	0	0	0	0	0.0	0.0	0.0	0.0	0	0	0	0
baseline	22	10000	10000	10000	0	0	0	0	0	0	0	0	0	0	0	0	0.0	0.0	0.0	0.0	0	0	0	0
baseline	23	10000	10000	10000	0	0	0	0	0	0	0	0	0	0	0	0	0.0	0.0	0.0	0.0	0	0	0	0
baseline	24	10000	10000	10000	0	0	0	0	0	0	0	0	0	0	0	0	0.0	0.0	0.0	0.0	0	0	0	0
baseline	25	10000	10000	10000	0	0	0	0	0	0	0	0	0	0	0	0	0.0	0.0	0.0	0.0	0	0	0	0
baseline	26	10000	10000	10000	0	0	0	0	0	0	0	0	0	0	0	0	0.0	0.0	0.0	0.0	0	0	0	0
baseline	27	10000	10000	10000	0	0	0	0	0	0	0	0	0	0	0	0	0.0	0.0	0.0	0.0	0	0	0	0
baseline	28	10000	10000	10000	0	0	0	0	0	0	0	0	0	0	0	0	0.0	0.0	0.0	0.0	0	0	0	0
baseline	29	10000	10000	10000	0	0	0	0	0	0	0	0	0	0	0	0	0.0	0.0	0.0	0.0	0	0	0	0
baseline	30	10000	10000	10000	0	0	0	0	0	0	0	0	0	0	0	0	0.0	0.0	0.0	0.0	0	0	0	0
baseline	31	10000	10000	10000	0	0	0	0	0	0	0	0	0	0	0	0	0.0	0.0	0.0	0.0	0	0	0	0
baseline	32	10000	10000	10000	0	0	0	0	0	0	0	0	0	0	0	0	0.0	0.0	0.0	0.0	0	0	0	0
baseline	33	10000	10000	10000	0	0	0	0	0	0	0	0	0	0	0	0	0.0	0.0	0.0	0.0	0	0	0	0
baseline	34	10000	10000	10000	0	0	0	0	0	0	0	0	0	0	0	0	0.0	0.0	0.0	0.0	0	0	0	0
baseline	35	10000	10000	10000	0	0	0	0	0	0	0	0	0	0	0	0	0.0	0.0	0.0	0.0	0	0	0	0
baseline	36	10000	10000	10000	0	0	0	0	0	0	0	0	0	0	0	0	0.0	0.0	0.0	0.0	0	0	0	0
baseline	37	10000	10000	10000	0	0	0	0	0	0	0	0	0	0	0	0	0.0	0.0	0.0	0.0	0	0	0	0
baseline	38	10000	10000	10000	0	0	0	0	0	0	0	0	0	0	0	0	0.0	0.0	0.0	0.0	0	0	0	0
baseline	39	10000	10000	10000	0	0	0	0	0	0	0	0	0	0	0	0	0.0	0.0	0.0	0.0	0	0	0	0
baseline	40	10000	9934	10000	66	66	0	0	0	0	0	0	0	0	0	0	0.0	0.0	0.0	0.0	0	0	0	0
baseline	41	10000	9854	10000	146	146	0	0	0	0	0	0	0	0	0	0	0.0	0.0	0.0	0.0	0	0	0	0
baseline	42	10000	9768	10000	232	232	0	0	0	0	0	0	0	0	0	0	0.0	0.0	0.0	0.0	0	0	0	0
baseline	43	10000	9626	10000	318	320	1	1	1	1	0	0	55	0	0	0	0.0	0.0	0.0	0.0	0	0	0	0
baseline	44	10000	9497	10000	390	393	2	2	2	2	0	0	111	0	0	0	0.0	0.0	0.0	0.0	0	0	0	0
baseline	45	10000	9362	10000	459	465	3	3	3	3	0	0	176	0	0	0	0.0	0.0	0.0	0.0	0	0	0	0
baseline	46	10000	9239	10000	525	539	9	9	7	9	2	2	227	0	0	0	0.0	0.1636	0.0	6.5154	0	0	2	0
baseline	47	10000	9092	10000	590	609	10	10	7	10	3	3	308	0	0	0	0.0	0.2454	0.0	9.9554	0	0	3	0
baseline	48	10000	8950	10000	641	669	11	11	7	11	4	4	398	0	1	0	0.0	0.3717	0.0	12.8954	0	0	4	0
baseline	49	10000	8785	10000	704	741	12	13	6	13	6	7	499	1	1	0	0.0	0.7807	0.0	24.1554	0	0	9	0
baseline	50	10000	8800	10241	598	881	12	14	4	14	8	10	590	2	290	0	290.9609	23.7064	0.0	34.2931	5005	1373	2892	0
baseline	51	10000	8578	10252	717	1023	14	17	4	17	10	13	691	3	302	0	299.4132859999854	36.915800807725496	0.07823855759593827	44.382665083136956	9846	1373	3053	0
baseline	52	10000	8360	10265	828	1155	16	20	5	20	11	15	796	4	316	0	307.2090188599887	51.535881367725736	0.1534166659703995	51.36197901313695	14449	1373	3207	0
baseline	53	10000	8137	10278	935	1286	19	24	8	24	11	16	909	4	333	0	314.50802991022186	62.3155534380255	0.1534166659703995	54.33519384523695	18892	1373	3344	0
baseline	54	10000	7895	10286	1034	1415	25	30	11	30	14	19	1046	4	351	0	321.1992500267633	75.15069907853461	0.33567938362597777	63.074336346609996	23091	1373	3487	0
baseline	55	10000	7786	10409	1010	1531	28	35	8	35	20	27	1176	6	520	0	364.5222098765146	95.03639897555104	18.927786280446437	85.44815613531138	27154	2609	3954	0
baseline	56	10000	7593	10427	1072	1636	36	44	12	44	24	32	1299	6	548	0	370.47312847413923	105.84386568192134	19.818283107458456	98.5661024595493	31123	2609	4084	0
baseline	57	10000	7373	10445	1128	1736	42	52	15	52	27	36	1457	7	581	0	376.2178865004937	115.9033980012726	20.74940253778425	109.92864697631998	35073	2609	4237	0
baseline	58	10000	7145	10466	1193	1856	52	62	18	62	34	43	1610	7	621	0	381.6083165780723	124.77971491573024	21.687464964695227	128.5774440626471	38894	2609	4373	0
baseline	59	10000	6901	10495	1234	1953	55	67	19	67	36	47	1810	8	668	0	386.7781918693043	133.71039480830123	22.78724876832999	138.17010756406168	42672	2609	4513	0
baseline	60	10000	6946	10879	1017	2142	56	71	6	71	50	64	1981	11	1166	0	556.4987144313945	148.82283531222132	42.8641368199332	179.92900121620673	46332	3678	7114	0
baseline	61	10000	6648	10903	1130	2313	60	76	9	76	51	66	2162	12	1208	0	561.1222796407005	156.89444759859614	44.838728573181825	184.6630658415016	49923	3678	7269	0
baseline	62	10000	6334	10933	1230	2469	59	80	10	80	49	69	2377	14	1265	0	565.4884908499675	166.00147550784203	46.9712966398898	191.4440566197461	53419	3678	7416	0
baseline	63	10000	6062	10965	1296	2610	65	89	14	89	51	74	2577	16	1339	0	569.5795533202429	173.8992854272565	49.38907915860059	202.73608192590103	56796	3678	7578	0
baseline	64	10000	5791	11004	1345	2735	67	94	12	94	55	81	2797	16	1408	0	573.3751434373969	180.61614509787256	51.91883969842094	218.9279439592722	60026	3678	7723	0
baseline	65	10000	5709	11241	1213	2880	72	100	13	100	59	86	3006	16	1777	0	597.1271923646354	194.8600271257361	86.91174012983218	229.3329544267633	63123	4593	8489	0
baseline	66	10000	5444	11265	1251	3000	77	110	17	110	60	92	3228	18	1842	0	600.4441620933273	201.1214153589057	88.98257347175095	241.48664676367025	66123	4593	8633	0
baseline	67	10000	5209	11300	1277	3109	79	117	19	117	60	97	3435	19	1918	0	603.5704613454587	207.2135593429029	92.2377383234828	251.72641589492676	69038	4593	8796	0
baseline	68	10000	5020	11352	1271	3205	80	123	17	123	63	105	3629	20	2008	0	606.4323604073145	213.88382218953987	95.61734175695176	267.1002200271982	71789	4593	8975	0
baseline	69	10000	4799	11399	1271	3303	80	131	18	131	62	111	3850	20	2097	0	609.1125377214112	220.00122038624775	98.7570822143435	278.2764266627562	74445	4593	9142	0
baseline	70	10000	4893	11797	912	3388	76	135	9	135	67	123	4119	23	2735	0	695.8134219951849	228.9337059495722	127.11701797800725	301.64442551836527	76962	5298	11281	0
baseline	71	10000	4634	11845	909	3487	80	142	10	142	70	129	4377	24	2849	0	698.0816936956351	234.9190067560678	130.26220012775298	312.1929442474281	79351	5298	11453	0
baseline	72	10000	4348	11883	915	3577	79	149	12	149	67	133	4658	25	2927	0	700.1502169656337	238.6100426760899	134.85124489494535	318.79095428403184	81597	5298	11593	0
baseline	73	10000	4105	11916	876	3637	81	158	13	158	68	141	4938	28	3006	0	702.0530557582204	242.55828895776145	138.6157496329193	332.30217625846416	83727	5298	11755	0
baseline	74	10000	3846	11956	852	3711	76	162	11	162	65	146	5226	33	3090	0	703.7748925941083	246.6869711945987	142.20349948952725	340.2315030371278	85714	5298	11922	0
baseline	75	10000	3748	12130	690	3766	81	171	14	171	67	152	5481	36	3355	0	714.1999160990276	252.72989245288036	169.96682682583818	349.998023106271	87569	5842	12694	0
baseline	76	10000	3448	12148	701	3840	78	175	15	175	63	154	5773	38	3396	0	714.1999160990276	252.789707949232	173.4395148686065	353.07320444413403	87569	5842	12775	0
baseline	77	10000	3174	12161	688	3898	79	181	18	181	61	157	6059	39	3419	0	714.1999160990276	252.97351803652143	176.42340855658696	357.4666280222219	87569	5842	12853	0
baseline	78	10000	2914	12178	676	3952	79	186	18	186	61	162	6331	39	3456	0	714.1999160990276	253.20048007163865	179.707725503487	365.05108881205484	87569	5842	12938	0
baseline	79	10000	2635	12190	654	4001	74	191	15	191	59	169	6637	43	3471	0	714.1999160990276	253.4354777058476	182.28017247330433	375.511622607042	87569	5842	13013	0
baseline	80	10000	2499	12262	527	4001	73	195	12	195	61	176	6901	44	3571	0	714.1999160990276	253.6679071663299	200.74193639842872	384.5871247518691	87569	5842	13509	0
baseline	81	10000	2285	12273	468	4001	72	196	8	196	64	181	7175	44	3592	0	714.1999160990276	253.87980640230523	202.61269845352626	391.15039149017224	87569	5842	13566	0
baseline	82	10000	2086	12280	406	4001	63	200	7	200	56	184	7445	48	3603	0	714.1999160990276	254.00368071998	204.04514608170618	395.0508114497618	87569	5842	13611	0
baseline	83	10000	1910	12286	360	4001	63	205	11	205	52	185	7667	50	3614	0	714.1999160990276	254.0514144190195	205.6422876172329	396.1075665339192	87569	5842	13661	0
baseline	84	10000	1701	12289	312	4001	57	208	11	208	46	186	7930	52	3619	0	714.1999160990276	254.09783604200766	206.90871247683475	397.31005435831116	87569	5842	13704	0
baseline	85	10000	1524	12291	277	4001	54	212	13	212	41	188	8145	54	3626	0	714.1999160990276	254.21557346764308	214.9537451784578	399.8815346132407	87569	5842	13991	0
baseline	86	10000	1339	12291	230	4001	48	217	11	217	37	193	8383	55	3633	0	714.1999160990276	254.38779536179152	215.8258093893467	405.19149251724406	87569	5842	14027	0
baseline	87	10000	1146	12291	190	4001	42	220	11	220	31	194	8622	58	3633	0	714.1999160990276	254.41384499761438	216.35567931982385	406.5162661727858	87569	5842	14048	0
baseline	88	10000	988	12291	162	4001	38	222	10	222	28	196	8812	60	3634	0	714.1999160990276	254.478066965809	217.07536566421692	408.87086126561735	87569	5842	14078	0
baseline	89	10000	830	12291	132	4001	31	225	9	225	22	197	9007	60	3635	0	714.1999160990276	254.51598450679336	217.5491760117177	410.11976839542695	87569	5842	14098	0
baseline	90	10000	694	12291	109	4001	31	229	7	229	24	201	9166	60	3640	0	714.1999160990276	254.654057763198	221.00779227394807	414.2899690229235	87569	5842	14245	0
baseline	91	10000	584	12291	95	4001	21	230	6	230	15	201	9300	64	3640	0	714.1999160990276	254.654057763198	221.38284765397884	414.2899690229235	87569	5842	14261	0
baseline	92	10000	480	12291	74	4001	18	231	3	231	15	205	9428	65	3648	0	714.1999160990276	254.77802370500905	221.61044444939176	417.9436932209745	87569	5842	14275	0
baseline	93	10000	378	12291	53	4001	15	231	2	231	13	206	9554	65	3650	0	714.1999160990276	254.81371023927886	221.83121334094227	418.8191150785856	87569	5842	14286	0
baseline	94	10000	301	12291	38	4001	12	231	2	231	10	206	9649	65	3650	0	714.1999160990276	254.81371023927886	221.98111541830517	418.8191150785856	87569	5842	14293	0
baseline	95	10000	239	12291	24	4001	11	231	2	231	9	206	9726	65	3650	0	714.1999160990276	254.81371023927886	223.24821626367063	418.8191150785856	87569	5842	14354	0
baseline	96	10000	193	12291	18	4001	8	231	1	231	7	207	9781	65	3653	0	714.1999160990276	254.84766836503167	223.36911014760543	419.8332270895819	87569	5842	14361	0
baseline	97	10000	141	12291	12	4001	6	231	1	231	5	207	9841	65	3653	0	714.1999160990276	254.84766836503167	223.42774368131379	419.8332270895819	87569	5842	14364	0
baseline	98	10000	108	12291	6	4001	4	231	1	231	3	207	9882	65	3653	0	714.1999160990276	254.84766836503167	223.4845363940545	419.8332270895819	87569	5842	14367	0
baseline	99	10000	80	12291	1	4001	5	232	1	232	4	208	9914	65	3653	0	714.1999160990276	254.86593066713573	223.50292582467654	420.4895983387981	87569	5842	14369	0
baseline	100	10000	0	12291	0	4001	0	232	0	232	0	208	10000	65	3653	0	714.1999160990276	254.86593066713573	223.73481654482097	420.4895983387981	87569	5842	14382	0
