description	age	n	num_state_healthy	tot_state_healthy	num_state_polyp	tot_state_polyp	num_state_cancer	tot_state_cancer	num_state_pre	tot_state_pre	num_state_clin	tot_state_clin	tot_state_dead	tot_state_dead_crc	tot_polyps_removed	tot_lesions_cured	tot_discounted_cost_routine	tot_discounted_cost_diagnostic	tot_discounted_cost_surveillance	tot_discounted_cost_treatment	tot_test0_performed	tot_test1_performed	tot_test2_performed	tot_test3_performed
baseline	1	10000	10000	10000	0	0	0	0	0	0	0	0	0	0	0	0	0.0	0.0	0.0	0.0	0	0	0	0
baseline	2	10000	10000	10000	0	0	0	0	0	0	0	0	0	0	0	0	0.0	0.0	0.0	0.0	0	0	0	0
baseline	3	10000	10000	10000	0	0	0	0	0	0	0	0	0	0	0	0	0.0	0.0	0.0	0.0	0	0	0	0
baseline	4	10000	10000	10000	0	0	0	0	0	0	0	0	0	0	0	0	0.0	0.0	0.0	0.0	0	0	0	0
baseline	5	10000	10000	10000	0	0	0	0	0	0	0	0	0	0	0	0	0.0	0.0	0.0	0.0	0	0	0	0
baseline	6	10000	10000	10000	0	0	0	0	0	0	0	0	0	0	0	0	0.0	0.0	0.0	0.0	0	0	0	0
baseline	7	10000	10000	10000	0	0	0	0	0	0	0	0	0	0	0	0	0.0	0.0	0.0	0.0	0	0	0	0
baseline	8	10000	10000	10000	0	0	0	0	0	0	0	0	0	0	0	0	0.0	0.0	0.0	0.0	0	0	0	0
baseline	9	10000	10000	10000	0	0	0	0	0	0	0	0	0	0	0	0	0.0	0.0	0.0	0.0	0	0	0	0
baseline	10	10000	10000	10000	0	0	0	0	0	0	0	0	0	0	0	0	0.0	0.0	0.0	0.0	0	0	0	0
baseline	11	10000	10000	10000	0	0	0	0	0	0	0	0	0	0	0	0	0.0	0.0	0.0	0.0	0	0	0	0
baseline	12	10000	10000	10000	0	0	0	0	0	0	0	0	0	0	0	0	0.0	0.0	0.0	0.0	0	0	0	0
baseline	13	10000	10000	10000	0	0	0	0	0	0	0	0	0	0	0	0	0.0	0.0	0.0	0.0	0	0	0	0
baseline	14	10000	10000	10000	0	0	0	0	0	0	0	0	0	0	0	0	0.0	0.0	0.0	0.0	0	0	0	0
baseline	15	10000	10000	10000	0	0	0	0	0	0	0	0	0	0	0	0	0.0	0.0	0.0	0.0	0	0	0	0
baseline	16	10000	10000	10000	0	0	0	0	0	0	0	0	0	0	0	0	0.0	0.0	0.0	0.0	0	0	0	0
baseline	17	10000	10000	10000	0	0	0	0	0	0	0	0	0	0	0	0	0.0	0.0	0.0	0.0	0	0	0	0
baseline	18	10000	10000	10000	0	0	0	0	0	0	0	0	0	0	0	0	0.0	0.0	0.0	0.0	0	0	0	0
baseline	19	10000	10000	10000	0	0	0	0	0	0	0	0	0	0	0	0	0.0	0.0	0.0	0.0	0	0	0	0
baseline	20	10000	10000	10000	0	0	0	0	0	0	0	0	0	0	0	0	0.0	0.0	0.0	0.0	0	0	0	0
baseline	21	10000	10000	10000	0	0	0	0	0	0	0	0	0	0	0	0	0.0	0.0	0.0	0.0	0	0	0	0
baseline	22	10000	10000	10000	0	0	0	0	0	0	0	0	0	0	0	0	0.0	0.0	0.0	0.0	0	0	0	0
baseline	23	10000	10000	10000	0	0	0	0	0	0	0	0	0	0	0	0	0.0	0.0	0.0	0.0	0	0	0	0
baseline	24	10000	10000	10000	0	0	0	0	0	0	0	0	0	0	0	0	0.0	0.0	0.0	0.0	0	0	0	0
baseline	25	10000	10000	10000	0	0	0	0	0	0	0	0	0	0	0	0	0.0	0.0	0.0	0.0	0	0	0	0
baseline	26	10000	10000	10000	0	0	0	0	0	0	0	0	0	0	0	0	0.0	0.0	0.0	0.0	0	0	0	0
baseline	27	10000	10000	10000	0	0	0	0	0	0	0	0	0	0	0	0	0.0	0.0	0.0	0.0	0	0	0	0
baseline	28	10000	10000	10000	0	0	0	0	0	0	0	0	0	0	0	0	0.0	0.0	0.0	0.0	0	0	0	0
baseline	29	10000	10000	10000	0	0	0	0	0	0	0	0	0	0	0	0	0.0	0.0	0.0	0.0	0	0	0	0
baseline	30	10000	10000	10000	0	0	0	0	0	0	0	0	0	0	0	0	0.0	0.0	0.0	0.0	0	0	0	0
baseline	31	10000	10000	10000	0	0	0	0	0	0	0	0	0	0	0	0	0.0	0.0	0.0	0.0	0	0	0	0
baseline	32	10000	10000	10000	0	0	0	0	0	0	0	0	0	0	0	0	0.0	0.0	0.0	0.0	0	0	0	0
baseline	33	10000	10000	10000	0	0	0	0	0	0	0	0	0	0	0	0	0.0	0.0	0.0	0.0	0	0	0	0
baseline	34	10000	10000	10000	0	0	0	0	0	0	0	0	0	0	0	0	0.0	0.0	0.0	0.0	0	0	0	0
baseline	35	10000	10000	10000	0	0	0	0	0	0	0	0	0	0	0	0	0.0	0.0	0.0	0.0	0	0	0	0
baseline	36	10000	10000	10000	0	0	0	0	0	0	0	0	0	0	0	0	0.0	0.0	0.0	0.0	0	0	0	0
baseline	37	10000	10000	10000	0	0	0	0	0	0	0	0	0	0	0	0	0.0	0.0	0.0	0.0	0	0	0	0
baseline	38	10000	10000	10000	0	0	0	0	0	0	0	0	0	0	0	0	0.0	0.0	0.0	0.0	0	0	0	0
baseline	39	10000	10000	10000	0	0	0	0	0	0	0	0	0	0	0	0	0.0	0.0	0.0	0.0	0	0	0	0
baseline	40	10000	9934	10000	66	66	0	0	0	0	0	0	0	0	0	0	0.0	0.0	0.0	0.0	0	0	0	0
baseline	41	10000	9854	10000	146	146	0	0	0	0	0	0	0	0	0	0	0.0	0.0	0.0	0.0	0	0	0	0
baseline	42	10000	9768	10000	232	232	0	0	0	0	0	0	0	0	0	0	0.0	0.0	0.0	0.0	0	0	0	0
baseline	43	10000	9657	10000	318	320	1	1	1	1	0	0	24	0	0	0	0.0	0.0	0.0	0.0	0	0	0	0
baseline	44	10000	9565	10000	390	393	2	2	2	2	0	0	43	0	0	0	0.0	0.0	0.0	0.0	0	0	0	0
baseline	45	10000	9477	10000	462	466	3	3	3	3	0	0	58	0	0	0	0.0	0.0	0.0	0.0	0	0	0	0
baseline	46	10000	9384	10000	529	540	10	10	10	10	0	0	77	0	0	0	0.0	0.0	0.0	0.0	0	0	0	0
baseline	47	10000	9292	10000	598	610	11	11	8	11	3	3	99	0	0	0	0.0	0.2454	0.0	10.32	0	0	3	0
baseline	48	10000	9203	10000	654	671	14	14	8	14	6	6	129	0	5	0	0.0	0.5993	0.0	21.36	0	0	6	0
baseline	49	10000	9106	10000	722	744	19	19	10	19	9	9	153	0	6	0	0.0	0.8892	0.0	33.12	0	0	9	0
baseline	50	10000	9067	10129	735	888	20	20	6	20	14	14	178	0	157	0	152.0156	13.813062632139522	0.0	49.72526937114859	2754	733	1548	0
baseline	51	10000	8915	10135	868	1032	24	24	10	24	14	14	193	0	168	0	156.65646799999413	20.958567632139506	0.0	49.72526937114859	5412	733	1633	0
baseline	52	10000	8758	10146	985	1169	32	32	13	32	19	19	225	0	186	0	161.12254394000254	27.98872340441214	0.27370309031608203	66.948192193598	8049	733	1721	0
baseline	53	10000	8604	10153	1099	1298	35	35	13	35	22	22	262	0	198	0	165.28378521619987	34.8987514048589	0.5324904273209081	75.76962642355161	10582	733	1812	0
baseline	54	10000	8434	10159	1218	1434	41	41	12	41	29	29	307	0	209	0	169.32337630822957	41.04961286641263	0.7856858946970571	97.42766205582979	13117	733	1896	0
baseline	55	10000	8356	10244	1246	1557	46	47	14	47	32	33	352	1	333	0	194.37848722927288	53.93854147092985	11.48401208904598	109.43704955177077	15599	1441	2176	0
baseline	56	10000	8231	10264	1319	1658	49	52	17	52	32	35	401	1	363	0	198.05189377100888	60.14642455876728	12.298825304267526	115.0135765806104	18049	1441	2266	0
baseline	57	10000	8090	10277	1392	1766	52	60	19	60	33	41	466	6	382	0	201.55837772079136	66.05180823543468	13.454210045793705	130.8948387023828	20460	1441	2364	0
baseline	58	10000	7930	10288	1488	1890	59	68	21	68	38	47	523	7	410	0	205.00622150762933	71.19336712335462	14.294458748423832	146.74490852117805	22904	1441	2446	0
baseline	59	10000	7786	10294	1561	1989	64	77	24	77	40	53	589	11	424	0	208.32463007865678	76.12620255212147	15.024867852632472	161.86657920603153	25329	1441	2531	0
baseline	60	10000	7816	10576	1461	2191	68	82	23	82	45	59	655	12	845	0	317.3219629115689	88.43118640254117	28.095971192525827	177.12432074704117	27730	2106	4241	0
baseline	61	10000	7607	10598	1588	2372	86	101	33	101	53	68	719	13	884	0	320.3837390373475	93.84012038673914	29.96636240312665	198.17717735362723	30108	2106	4348	0
baseline	62	10000	7384	10616	1723	2550	91	110	28	110	63	82	802	16	934	0	323.3299324706065	99.20536278437405	31.90177922395846	230.35772592516994	32467	2106	4457	0
baseline	63	10000	7173	10642	1832	2718	103	124	22	124	81	102	892	17	1003	0	326.16229967686024	105.32397515256802	33.561268603671365	277.3182564410022	34805	2106	4574	0
baseline	64	10000	6965	10661	1926	2865	110	134	25	134	85	109	999	20	1051	0	328.74988154620354	110.18960623179223	34.74201040842768	292.5310914298262	37007	2106	4671	0
baseline	65	10000	6919	10865	1863	3030	116	144	25	144	91	119	1102	24	1397	0	345.94189142983834	122.28575846646571	62.1418174688531	314.28299479724996	39293	2766	5297	0
baseline	66	10000	6713	10890	1946	3178	130	159	33	159	97	126	1211	25	1462	0	348.3942377159218	126.60914087843665	65.31950468010865	328.30573044616034	41511	2766	5425	0
baseline	67	10000	6535	10916	1994	3301	145	178	42	178	103	136	1326	27	1536	0	350.71509932196136	131.0201513389787	68.2063325060632	347.9144234548013	43675	2766	5550	0
baseline	68	10000	6357	10958	2017	3419	156	193	41	193	115	152	1470	29	1647	0	352.93824664846034	136.7143806964332	71.48331366617562	379.0612155087076	45812	2766	5702	0
baseline	69	10000	6175	10986	2032	3522	172	213	47	213	125	166	1621	33	1726	0	355.0331442779951	141.2844206308174	73.55784843620937	406.2509302264583	47888	2766	5819	0
baseline	70	10000	6339	11383	1669	3617	184	233	45	233	139	185	1808	38	2454	0	422.3640196772866	151.66089329620343	99.14899390636275	441.3221239314884	49981	3285	7563	0
baseline	71	10000	6161	11430	1686	3728	194	248	41	248	153	204	1959	41	2597	0	424.25915166309596	157.86227917982464	102.39171585467705	477.2618029527314	51977	3285	7736	0
baseline	72	10000	5960	11461	1698	3828	196	261	39	261	157	218	2146	46	2672	0	426.0919038034797	162.5349406733171	105.27174486546093	500.93724162112875	53967	3285	7888	0
baseline	73	10000	5753	11496	1691	3911	213	285	50	285	163	230	2343	48	2773	0	427.70529669522205	166.679139862836	109.38945567103883	520.3055017370651	55773	3285	8056	0
baseline	74	10000	5535	11533	1682	4010	218	301	47	301	171	248	2565	55	2868	0	429.2850191672026	171.74318405622284	111.81492009798889	548.9879348251883	57596	3285	8213	0
baseline	75	10000	5467	11742	1506	4103	223	313	41	313	182	266	2804	60	3234	0	438.22319521059643	179.34789216035384	144.20075309380536	577.603364062519	59272	3747	9081	0
baseline	76	10000	5221	11764	1521	4199	227	329	43	329	184	278	3031	63	3282	0	438.22319521059643	179.90702657532964	148.53870000697336	595.2430474274414	59272	3747	9193	0
baseline	77	10000	4976	11778	1511	4277	221	341	46	341	175	283	3292	69	3319	0	438.22319521059643	180.183116386756	152.7779743213227	602.399871385145	59272	3747	9275	0
baseline	78	10000	4755	11801	1484	4360	222	362	55	362	167	294	3539	77	3357	0	438.22319521059643	180.6925193449466	156.46927031587015	618.736881397164	59272	3747	9377	0
baseline	79	10000	4533	11814	1452	4438	225	381	60	381	165	302	3790	81	3388	0	438.22319521059643	181.10365618187302	159.09925022777847	629.3438841383963	59272	3747	9455	0
baseline	80	10000	4435	11929	1259	4440	216	398	57	398	159	316	4090	88	3567	0	438.22319521059643	181.5977504878984	184.72278399799302	649.0673410271272	59272	3747	10142	0
baseline	81	10000	4194	11940	1166	4440	217	418	57	418	160	333	4423	97	3618	0	438.22319521059643	182.39060241447865	187.63348970711723	671.8354041069908	59272	3747	10241	0
baseline	82	10000	3930	11947	1081	4440	216	437	55	437	161	351	4773	104	3648	0	438.22319521059643	183.100189971449	189.4332102669946	695.3822643950526	59272	3747	10313	0
baseline	83	10000	3681	11951	987	4440	204	447	51	447	153	361	5128	109	3673	0	438.22319521059643	183.56569438114002	191.57598417870753	708.8453190719135	59272	3747	10392	0
baseline	84	10000	3423	11952	922	4440	187	458	42	458	145	376	5468	118	3700	0	438.22319521059643	184.17756017984468	192.90303631964687	726.363892581055	59272	3747	10451	0
baseline	85	10000	3146	11963	823	4440	179	469	37	469	142	389	5852	124	3732	0	438.22319521059643	184.6594525566239	206.35155762564762	740.4139558132604	59272	3747	10934	0
baseline	86	10000	2870	11963	735	4440	164	477	34	477	130	398	6231	131	3739	0	438.22319521059643	184.98791431688878	207.7685314074907	750.3535741515076	59272	3747	10995	0
baseline	87	10000	2584	11963	651	4440	162	492	36	492	126	406	6603	133	3744	0	438.22319521059643	185.25377045134042	208.7333955967895	759.8848745052367	59272	3747	11039	0
baseline	88	10000	2317	11963	575	4440	149	502	30	502	119	414	6959	137	3755	0	438.22319521059643	185.51731628644814	209.91762521140998	768.2980645881103	59272	3747	11091	0
baseline	89	10000	2034	11963	504	4440	127	507	24	507	103	422	7335	140	3770	0	438.22319521059643	185.79840539479173	210.90723212026745	776.155239650388	59272	3747	11137	0
baseline	90	10000	1785	11963	424	4440	120	515	20	515	100	433	7671	143	3776	0	438.22319521059643	186.12731912274185	217.72656695494638	787.2205904328231	59272	3747	11430	0
baseline	91	10000	1531	11963	348	4440	110	524	16	524	94	441	8011	146	3785	0	438.22319521059643	186.40379214647308	218.29975909816386	795.1130335662685	59272	3747	11463	0
baseline	92	10000	1289	11963	294	4440	97	530	13	530	84	447	8320	151	3796	0	438.22319521059643	186.574606773263	218.765948682744	800.7771771396524	59272	3747	11488	0
baseline	93	10000	1054	11963	230	4440	83	537	12	537	71	451	8633	154	3804	0	438.22319521059643	186.70519493519768	219.163236324484	804.5635645044858	59272	3747	11510	0
baseline	94	10000	859	11963	180	4440	66	543	12	543	54	454	8895	157	3805	0	438.22319521059643	186.75860302227636	219.4611260797577	807.2096347991691	59272	3747	11526	0
baseline	95	10000	678	11963	138	4440	58	546	12	546	46	457	9126	161	3807	0	438.22319521059643	186.8519667764488	221.96329859933726	809.7971577086078	59272	3747	11650	0
baseline	96	10000	532	11963	109	4440	44	548	8	548	36	460	9315	163	3808	0	438.22319521059643	186.92263695996272	222.08398466610475	812.3669022141528	59272	3747	11659	0
baseline	97	10000	404	11963	84	4440	33	548	6	548	27	460	9479	164	3808	0	438.22319521059643	186.92263695996272	222.20069955032608	812.3669022141528	59272	3747	11665	0
baseline	98	10000	282	11963	50	4440	30	552	7	552	23	462	9638	164	3810	0	438.22319521059643	186.99903954896746	222.2763764200788	813.9908023210223	59272	3747	11672	0
baseline	99	10000	204	11963	34	4440	19	552	3	552	16	462	9743	165	3810	0	438.22319521059643	186.99903954896746	222.3129161817488	813.9908023210223	59272	3747	11674	0
baseline	100	10000	0	11963	0	4440	0	552	0	552	0	462	10000	165	3810	0	438.22319521059643	186.99903954896746	222.84804861285124	813.9908023210223	59272	3747	11704	0
