description	age	n	num_state_healthy	tot_state_healthy	num_state_polyp	tot_state_polyp	num_state_cancer	tot_state_cancer	num_state_pre	tot_state_pre	num_state_clin	tot_state_clin	tot_state_dead	tot_state_dead_crc	tot_polyps_removed	tot_lesions_cured	tot_discounted_cost_routine	tot_discounted_cost_diagnostic	tot_discounted_cost_surveillance	tot_discounted_cost_treatment	tot_test0_performed	tot_test1_performed	tot_test2_performed	tot_test3_performed
baseline	1	10000	10000	10000	0	0	0	0	0	0	0	0	0	0	0	0	0.0	0.0	0.0	0.0	0	0	0	0
baseline	2	10000	10000	10000	0	0	0	0	0	0	0	0	0	0	0	0	0.0	0.0	0.0	0.0	0	0	0	0
baseline	3	10000	10000	10000	0	0	0	0	0	0	0	0	0	0	0	0	0.0	0.0	0.0	0.0	0	0	0	0
baseline	4	10000	10000	10000	0	0	0	0	0	0	0	0	0	0	0	0	0.0	0.0	0.0	0.0	0	0	0	0
baseline	5	10000	10000	10000	0	0	0	0	0	0	0	0	0	0	0	0	0.0	0.0	0.0	0.0	0	0	0	0
baseline	6	10000	10000	10000	0	0	0	0	0	0	0	0	0	0	0	0	0.0	0.0	0.0	0.0	0	0	0	0
baseline	7	10000	10000	10000	0	0	0	0	0	0	0	0	0	0	0	0	0.0	0.0	0.0	0.0	0	0	0	0
baseline	8	10000	10000	10000	0	0	0	0	0	0	0	0	0	0	0	0	0.0	0.0	0.0	0.0	0	0	0	0
baseline	9	10000	10000	10000	0	0	0	0	0	0	0	0	0	0	0	0	0.0	0.0	0.0	0.0	0	0	0	0
baseline	10	10000	10000	10000	0	0	0	0	0	0	0	0	0	0	0	0	0.0	0.0	0.0	0.0	0	0	0	0
baseline	11	10000	10000	10000	0	0	0	0	0	0	0	0	0	0	0	0	0.0	0.0	0.0	0.0	0	0	0	0
baseline	12	10000	10000	10000	0	0	0	0	0	0	0	0	0	0	0	0	0.0	0.0	0.0	0.0	0	0	0	0
baseline	13	10000	10000	10000	0	0	0	0	0	0	0	0	0	0	0	0	0.0	0.0	0.0	0.0	0	0	0	0
baseline	14	10000	10000	10000	0	0	0	0	0	0	0	0	0	0	0	0	0.0	0.0	0.0	0.0	0	0	0	0
baseline	15	10000	10000	10000	0	0	0	0	0	0	0	0	0	0	0	0	0.0	0.0	0.0	0.0	0	0	0	0
baseline	16	10000	10000	10000	0	0	0	0	0	0	0	0	0	0	0	0	0.0	0.0	0.0	0.0	0	0	0	0
baseline	17	10000	10000	10000	0	0	0	0	0	0	0	0	0	0	0	0	0.0	0.0	0.0	0.0	0	0	0	0
baseline	18	10000	10000	10000	0	0	0	0	0	0	0	0	0	0	0	0	0.0	0.0	0.0	0.0	0	0	0	0
baseline	19	10000	10000	10000	0	0	0	0	0	0	0	0	0	0	0	0	0.0	0.0	0.0	0.0	0	0	0	0
baseline	20	10000	10000	10000	0	0	0	0	0	0	0	0	0	0	0	0	0.0	0.0	0.0	0.0	0	0	0	0
baseline	21	10000	10000	10000	0	0	0	0	0	0	0	0	0	0	0	0	0.0	0.0	0.0	0.0	0	0	0	0
baseline	22	10000	10000	10000	0	0	0	0	0	0	0	0	0	0	0	0	0.0	0.0	0.0	0.0	0	0	0	0
baseline	23	10000	10000	10000	0	0	0	0	0	0	0	0	0	0	0	0	0.0	0.0	0.0	0.0	0	0	0	0
baseline	24	10000	10000	10000	0	0	0	0	0	0	0	0	0	0	0	0	0.0	0.0	0.0	0.0	0	0	0	0
baseline	25	10000	10000	10000	0	0	0	0	0	0	0	0	0	0	0	0	0.0	0.0	0.0	0.0	0	0	0	0
baseline	26	10000	10000	10000	0	0	0	0	0	0	0	0	0	0	0	0	0.0	0.0	0.0	0.0	0	0	0	0
baseline	27	10000	10000	10000	0	0	0	0	0	0	0	0	0	0	0	0	0.0	0.0	0.0	0.0	0	0	0	0
baseline	28	10000	10000	10000	0	0	0	0	0	0	0	0	0	0	0	0	0.0	0.0	0.0	0.0	0	0	0	0
baseline	29	10000	10000	10000	0	0	0	0	0	0	0	0	0	0	0	0	0.0	0.0	0.0	0.0	0	0	0	0
baseline	30	10000	10000	10000	0	0	0	0	0	0	0	0	0	0	0	0	0.0	0.0	0.0	0.0	0	0	0	0
baseline	31	10000	10000	10000	0	0	0	0	0	0	0	0	0	0	0	0	0.0	0.0	0.0	0.0	0	0	0	0
baseline	32	10000	10000	10000	0	0	0	0	0	0	0	0	0	0	0	0	0.0	0.0	0.0	0.0	0	0	0	0
baseline	33	10000	10000	10000	0	0	0	0	0	0	0	0	0	0	0	0	0.0	0.0	0.0	0.0	0	0	0	0
baseline	34	10000	10000	10000	0	0	0	0	0	0	0	0	0	0	0	0	0.0	0.0	0.0	0.0	0	0	0	0
baseline	35	10000	10000	10000	0	0	0	0	0	0	0	0	0	0	0	0	0.0	0.0	0.0	0.0	0	0	0	0
baseline	36	10000	10000	10000	0	0	0	0	0	0	0	0	0	0	0	0	0.0	0.0	0.0	0.0	0	0	0	0
baseline	37	10000	10000	10000	0	0	0	0	0	0	0	0	0	0	0	0	0.0	0.0	0.0	0.0	0	0	0	0
baseline	38	10000	10000	10000	0	0	0	0	0	0	0	0	0	0	0	0	0.0	0.0	0.0	0.0	0	0	0	0
baseline	39	10000	10000	10000	0	0	0	0	0	0	0	0	0	0	0	0	0.0	0.0	0.0	0.0	0	0	0	0
baseline	40	10000	9934	10000	66	66	0	0	0	0	0	0	0	0	0	0	0.0	0.0	0.0	0.0	0	0	0	0
baseline	41	10000	9854	10000	146	146	0	0	0	0	0	0	0	0	0	0	0.0	0.0	0.0	0.0	0	0	0	0
baseline	42	10000	9768	10000	232	232	0	0	0	0	0	0	0	0	0	0	0.0	0.0	0.0	0.0	0	0	0	0
baseline	43	10000	9638	10000	318	320	1	1	1	1	0	0	43	0	0	0	0.0	0.0	0.0	0.0	0	0	0	0
baseline	44	10000	9531	10000	390	393	2	2	2	2	0	0	77	0	0	0	0.0	0.0	0.0	0.0	0	0	0	0
baseline	45	10000	9417	10000	460	465	3	3	3	3	0	0	120	0	0	0	0.0	0.0	0.0	0.0	0	0	0	0
baseline	46	10000	9298	10000	527	539	9	9	7	9	2	2	166	0	0	0	0.0	0.1636	0.0	6.5154	0	0	2	0
baseline	47	10000	9205	10000	596	609	10	10	7	10	3	3	189	0	0	0	0.0	0.2454	0.0	9.9554	0	0	3	0
baseline	48	10000	9093	10000	654	670	10	11	7	11	3	4	243	1	0	0	0.0	0.3272	0.0	12.8954	0	0	4	0
baseline	49	10000	8963	10000	717	743	14	16	8	16	6	8	306	2	0	0	0.0	0.6544	0.0	28.8154	0	0	8	0
baseline	50	10000	8952	10183	670	884	16	18	7	18	9	11	362	2	212	0	220.2325	18.235557930611122	0.0	38.51912176713757	3768	1022	2172	0
baseline	51	10000	8756	10194	795	1027	18	21	6	21	12	15	431	3	229	0	226.66301799998973	27.502207560435455	0.07823855759593827	51.51366333935671	7451	1022	2282	0
baseline	52	10000	8562	10200	911	1158	23	26	11	26	12	15	504	3	237	0	232.7210967400039	35.57312892118322	0.1534166659703995	51.51366333935671	11028	1022	2384	0
baseline	53	10000	8390	10216	1019	1290	26	29	12	29	14	17	565	3	262	0	238.33129767100615	46.63714887648697	0.1534166659703995	57.38576456382258	14443	1022	2493	0
baseline	54	10000	8202	10228	1129	1424	28	31	11	31	17	20	641	3	282	0	243.74928966820565	54.700217091632055	0.4463396346988554	66.07732150744573	17843	1022	2599	0
baseline	55	10000	8130	10337	1126	1545	35	38	10	38	25	28	709	3	422	0	277.3946605419357	73.58836928405057	15.07732796475722	89.22282130543307	21074	1978	2981	0
baseline	56	10000	7984	10358	1191	1645	38	42	11	42	27	31	787	3	464	0	282.2525532746805	81.6897797287645	16.401626042076103	98.07241181402992	24314	1978	3104	0
baseline	57	10000	7817	10377	1265	1752	40	46	10	46	30	36	878	4	502	0	286.8716296017207	91.53770733763137	16.90023225559055	110.90454933025248	27490	1978	3218	0
baseline	58	10000	7618	10395	1350	1880	45	52	14	52	31	38	987	5	534	0	291.25197123761757	100.40179073689247	18.226447541618672	116.05515918986751	30595	1978	3334	0
baseline	59	10000	7451	10417	1406	1979	52	63	16	63	36	47	1091	8	574	0	295.5022710403426	108.27704501173072	19.43069718711036	140.2841303359812	33701	1978	3463	0
baseline	60	10000	7512	10775	1239	2188	61	72	17	72	44	55	1188	8	1080	0	437.8219566073264	125.67475948180177	36.046628697176466	160.02157602074624	36759	2875	5627	0
baseline	61	10000	7272	10798	1358	2362	68	84	23	84	45	61	1302	12	1121	0	441.67943401390204	132.3337055579748	38.20296272158091	175.5819313876985	39755	2875	5761	0
baseline	62	10000	7024	10825	1473	2536	68	87	16	87	52	71	1435	15	1170	0	445.4049511870298	139.56005681541632	40.117532938417085	198.19890028688323	42738	2875	5902	0
baseline	63	10000	6783	10857	1574	2696	76	97	18	97	58	79	1567	16	1239	0	448.9435930217041	146.03210466749664	42.395138587755056	215.55694574972597	45659	2875	6036	0
baseline	64	10000	6549	10888	1643	2840	86	110	23	110	63	86	1722	16	1301	0	452.2526895448964	151.87407730357108	44.98192143855523	230.5262666080568	48475	2875	6169	0
baseline	65	10000	6490	11096	1544	2984	88	119	17	119	71	101	1878	21	1650	0	472.3522722634448	167.17260165590136	77.11141156408635	261.3257065258992	51276	3640	6913	0
baseline	66	10000	6246	11129	1623	3140	93	127	19	127	74	106	2038	22	1718	0	475.3209601706286	171.68011369419938	80.20061666320272	271.658989648753	53961	3640	7037	0
baseline	67	10000	6033	11167	1668	3272	101	138	25	138	76	111	2198	22	1797	0	478.18986257180796	176.61747222312076	83.03675636299057	281.29983681902377	56636	3640	7169	0
baseline	68	10000	5824	11212	1673	3377	110	152	27	152	83	122	2393	24	1890	0	480.8749085473313	182.74931243275157	87.02060171927835	302.853973716584	59217	3640	7347	0
baseline	69	10000	5626	11260	1676	3488	118	167	30	167	88	134	2580	27	1990	0	483.37445644153104	188.58902588762453	90.27038083684086	326.40728941684023	61694	3640	7510	0
baseline	70	10000	5777	11689	1319	3596	116	173	21	173	95	149	2788	31	2696	0	568.7500595221554	198.9541598500088	119.39682041675138	354.614614590384	64097	4284	9528	0
baseline	71	10000	5531	11726	1354	3714	117	180	18	180	99	158	2998	32	2783	0	570.9756053010799	203.930260152064	122.60769979328707	370.79239839426407	66441	4284	9685	0
baseline	72	10000	5311	11761	1355	3809	115	190	19	190	96	166	3219	39	2865	0	573.0054473701316	208.1259390748188	126.07615856504442	384.09221183732075	68645	4284	9840	0
baseline	73	10000	5103	11807	1335	3891	120	202	23	202	97	174	3442	44	2964	0	574.8922058348933	212.45988005330688	130.42559118110347	398.4064595228144	70757	4284	10017	0
baseline	74	10000	4922	11850	1322	3974	122	208	21	208	101	182	3634	46	3058	0	576.655637118756	217.05619129686588	134.06419869896783	410.94280067260735	72792	4284	10190	0
baseline	75	10000	4877	12082	1144	4066	119	215	18	215	101	190	3860	49	3421	0	587.3068631709031	225.37388695175224	167.40753083072948	423.62198084725196	74761	4836	11100	0
baseline	76	10000	4592	12099	1148	4157	122	227	27	227	95	192	4138	53	3443	0	587.3068631709031	225.4467116870307	170.51920132558666	426.45974403137507	74761	4836	11176	0
baseline	77	10000	4332	12111	1142	4225	121	234	23	234	98	201	4405	55	3470	0	587.3068631709031	225.84300925733555	173.3599046870212	440.973423195633	74761	4836	11254	0
baseline	78	10000	4060	12129	1134	4296	126	245	30	245	96	203	4680	56	3498	0	587.3068631709031	225.91223874081243	179.14916818447597	444.1874486574965	74761	4836	11351	0
baseline	79	10000	3814	12150	1092	4366	127	261	32	261	95	212	4967	59	3539	0	587.3068631709031	226.26846599466856	182.9831005437363	455.802742559701	74761	4836	11458	0
baseline	80	10000	3689	12259	916	4366	130	274	35	274	95	219	5265	63	3697	0	587.3068631709031	226.47969152868893	206.27490034526807	465.1405274243684	74761	4836	12104	0
baseline	81	10000	3492	12269	858	4366	131	286	36	286	95	229	5519	66	3716	0	587.3068631709031	226.87081387902344	207.81703667164376	477.52529656757366	74761	4836	12157	0
baseline	82	10000	3240	12275	789	4366	129	297	33	297	96	241	5842	69	3738	0	587.3068631709031	227.3642579991271	209.59876718373692	492.601388593214	74761	4836	12222	0
baseline	83	10000	3031	12285	716	4366	126	307	35	307	91	247	6127	72	3755	0	587.3068631709031	227.59644274770454	211.76906943729037	500.3889572335838	74761	4836	12295	0
baseline	84	10000	2789	12288	650	4366	128	320	40	320	88	252	6433	74	3763	0	587.3068631709031	227.75492744036737	213.83803578455118	506.1822954264687	74761	4836	12368	0
baseline	85	10000	2553	12293	579	4366	128	332	36	332	92	265	6740	76	3783	0	587.3068631709031	228.25063684854592	227.15013656295375	521.7637019282049	74761	4836	12821	0
baseline	86	10000	2331	12293	522	4366	120	342	27	342	93	279	7027	81	3800	0	587.3068631709031	228.7789621020575	227.91388640437276	537.5376834729682	74761	4836	12864	0
baseline	87	10000	2106	12293	452	4366	111	354	30	354	81	283	7331	88	3802	0	587.3068631709031	228.9258197011182	228.680779981822	542.0916723836592	74761	4836	12898	0
baseline	88	10000	1884	12293	395	4366	104	363	27	363	77	291	7617	89	3809	0	587.3068631709031	229.22443612156576	229.7599457826599	550.7681127338844	74761	4836	12948	0
baseline	89	10000	1676	12293	342	4366	96	368	22	368	74	299	7886	89	3818	0	587.3068631709031	229.49626464875192	230.50735293832767	558.9150180514241	74761	4836	12986	0
baseline	90	10000	1479	12293	302	4366	89	374	21	374	68	305	8130	90	3828	0	587.3068631709031	229.75896459221045	236.91574445736399	565.1391802556218	74761	4836	13258	0
baseline	91	10000	1282	12293	252	4366	78	379	17	379	61	310	8388	93	3828	0	587.3068631709031	229.87467857679852	237.42987008611294	570.5712534316783	74761	4836	13285	0
baseline	92	10000	1080	12293	207	4366	65	382	15	382	50	312	8648	95	3829	0	587.3068631709031	229.9322569066118	237.7703566742497	572.1960026272034	74761	4836	13302	0
baseline	93	10000	919	12293	167	4366	55	387	13	387	42	317	8859	96	3834	0	587.3068631709031	230.06979817110886	238.1887373240864	576.7201937529812	74761	4836	13326	0
baseline	94	10000	754	12293	138	4366	48	390	10	390	38	320	9060	97	3842	0	587.3068631709031	230.17703198717376	239.13810572217292	579.5024897093999	74761	4836	13344	0
baseline	95	10000	618	12293	111	4366	39	394	8	394	31	323	9232	100	3847	0	587.3068631709031	230.26273693179022	242.42700590766123	582.4564757873957	74761	4836	13475	0
baseline	96	10000	507	12293	87	4366	35	397	9	397	26	325	9371	100	3848	0	587.3068631709031	230.3134166283431	242.5271926725046	584.1345142798535	74761	4836	13482	0
baseline	97	10000	394	12293	61	4366	36	402	9	402	27	328	9509	100	3850	0	587.3068631709031	230.42196788460194	242.60537071744915	586.69710341761	74761	4836	13491	0
baseline	98	10000	296	12293	41	4366	32	403	8	403	24	330	9631	100	3850	0	587.3068631709031	230.45975870707485	242.73796322901313	588.286350719651	74761	4836	13500	0
baseline	99	10000	227	12293	29	4366	24	403	3	403	21	334	9720	100	3855	0	587.3068631709031	230.53822272647136	242.88445202274536	591.650890503321	74761	4836	13511	0
baseline	100	10000	0	12293	0	4366	0	403	0	403	0	334	10000	100	3855	0	587.3068631709031	230.53822272647136	243.65147517399242	591.650890503321	74761	4836	13554	0
