description	age	n	num_state_healthy	tot_state_healthy	num_state_polyp	tot_state_polyp	num_state_cancer	tot_state_cancer	num_state_pre	tot_state_pre	num_state_clin	tot_state_clin	tot_state_dead	tot_state_dead_crc	tot_polyps_removed	tot_lesions_cured	tot_discounted_cost_routine	tot_discounted_cost_diagnostic	tot_discounted_cost_surveillance	tot_discounted_cost_treatment	tot_test0_performed	tot_test1_performed	tot_test2_performed	tot_test3_performed
baseline	1	10000	10000	10000	0	0	0	0	0	0	0	0	0	0	0	0	0.0	0.0	0.0	0.0	0	0	0	0
baseline	2	10000	10000	10000	0	0	0	0	0	0	0	0	0	0	0	0	0.0	0.0	0.0	0.0	0	0	0	0
baseline	3	10000	10000	10000	0	0	0	0	0	0	0	0	0	0	0	0	0.0	0.0	0.0	0.0	0	0	0	0
baseline	4	10000	10000	10000	0	0	0	0	0	0	0	0	0	0	0	0	0.0	0.0	0.0	0.0	0	0	0	0
baseline	5	10000	10000	10000	0	0	0	0	0	0	0	0	0	0	0	0	0.0	0.0	0.0	0.0	0	0	0	0
baseline	6	10000	10000	10000	0	0	0	0	0	0	0	0	0	0	0	0	0.0	0.0	0.0	0.0	0	0	0	0
baseline	7	10000	10000	10000	0	0	0	0	0	0	0	0	0	0	0	0	0.0	0.0	0.0	0.0	0	0	0	0
baseline	8	10000	10000	10000	0	0	0	0	0	0	0	0	0	0	0	0	0.0	0.0	0.0	0.0	0	0	0	0
baseline	9	10000	10000	10000	0	0	0	0	0	0	0	0	0	0	0	0	0.0	0.0	0.0	0.0	0	0	0	0
baseline	10	10000	10000	10000	0	0	0	0	0	0	0	0	0	0	0	0	0.0	0.0	0.0	0.0	0	0	0	0
baseline	11	10000	10000	10000	0	0	0	0	0	0	0	0	0	0	0	0	0.0	0.0	0.0	0.0	0	0	0	0
baseline	12	10000	10000	10000	0	0	0	0	0	0	0	0	0	0	0	0	0.0	0.0	0.0	0.0	0	0	0	0
baseline	13	10000	10000	10000	0	0	0	0	0	0	0	0	0	0	0	0	0.0	0.0	0.0	0.0	0	0	0	0
baseline	14	10000	10000	10000	0	0	0	0	0	0	0	0	0	0	0	0	0.0	0.0	0.0	0.0	0	0	0	0
baseline	15	10000	10000	10000	0	0	0	0	0	0	0	0	0	0	0	0	0.0	0.0	0.0	0.0	0	0	0	0
baseline	16	10000	10000	10000	0	0	0	0	0	0	0	0	0	0	0	0	0.0	0.0	0.0	0.0	0	0	0	0
baseline	17	10000	10000	10000	0	0	0	0	0	0	0	0	0	0	0	0	0.0	0.0	0.0	0.0	0	0	0	0
baseline	18	10000	10000	10000	0	0	0	0	0	0	0	0	0	0	0	0	0.0	0.0	0.0	0.0	0	0	0	0
baseline	19	10000	10000	10000	0	0	0	0	0	0	0	0	0	0	0	0	0.0	0.0	0.0	0.0	0	0	0	0
baseline	20	10000	10000	10000	0	0	0	0	0	0	0	0	0	0	0	0	0.0	0.0	0.0	0.0	0	0	0	0
baseline	21	10000	10000	10000	0	0	0	0	0	0	0	0	0	0	0	0	0.0	0.0	0.0	0.0	0	0	0	0
baseline	22	10000	10000	10000	0	0	0	0	0	0	0	0	0	0	0	0	0.0	0.0	0.0	0.0	0	0	0	0
baseline	23	10000	10000	10000	0	0	0	0	0	0	0	0	0	0	0	0	0.0	0.0	0.0	0.0	0	0	0	0
baseline	24	10000	10000	10000	0	0	0	0	0	0	0	0	0	0	0	0	0.0	0.0	0.0	0.0	0	0	0	0
baseline	25	10000	10000	10000	0	0	0	0	0	0	0	0	0	0	0	0	0.0	0.0	0.0	0.0	0	0	0	0
baseline	26	10000	10000	10000	0	0	0	0	0	0	0	0	0	0	0	0	0.0	0.0	0.0	0.0	0	0	0	0
baseline	27	10000	10000	10000	0	0	0	0	0	0	0	0	0	0	0	0	0.0	0.0	0.0	0.0	0	0	0	0
baseline	28	10000	10000	10000	0	0	0	0	0	0	0	0	0	0	0	0	0.0	0.0	0.0	0.0	0	0	0	0
baseline	29	10000	10000	10000	0	0	0	0	0	0	0	0	0	0	0	0	0.0	0.0	0.0	0.0	0	0	0	0
baseline	30	10000	10000	10000	0	0	0	0	0	0	0	0	0	0	0	0	0.0	0.0	0.0	0.0	0	0	0	0
baseline	31	10000	10000	10000	0	0	0	0	0	0	0	0	0	0	0	0	0.0	0.0	0.0	0.0	0	0	0	0
baseline	32	10000	10000	10000	0	0	0	0	0	0	0	0	0	0	0	0	0.0	0.0	0.0	0.0	0	0	0	0
baseline	33	10000	10000	10000	0	0	0	0	0	0	0	0	0	0	0	0	0.0	0.0	0.0	0.0	0	0	0	0
baseline	34	10000	10000	10000	0	0	0	0	0	0	0	0	0	0	0	0	0.0	0.0	0.0	0.0	0	0	0	0
baseline	35	10000	10000	10000	0	0	0	0	0	0	0	0	0	0	0	0	0.0	0.0	0.0	0.0	0	0	0	0
baseline	36	10000	10000	10000	0	0	0	0	0	0	0	0	0	0	0	0	0.0	0.0	0.0	0.0	0	0	0	0
baseline	37	10000	10000	10000	0	0	0	0	0	0	0	0	0	0	0	0	0.0	0.0	0.0	0.0	0	0	0	0
baseline	38	10000	10000	10000	0	0	0	0	0	0	0	0	0	0	0	0	0.0	0.0	0.0	0.0	0	0	0	0
baseline	39	10000	10000	10000	0	0	0	0	0	0	0	0	0	0	0	0	0.0	0.0	0.0	0.0	0	0	0	0
baseline	40	10000	9934	10000	66	66	0	0	0	0	0	0	0	0	0	0	0.0	0.0	0.0	0.0	0	0	0	0
baseline	41	10000	9854	10000	146	146	0	0	0	0	0	0	0	0	0	0	0.0	0.0	0.0	0.0	0	0	0	0
baseline	42	10000	9768	10000	232	232	0	0	0	0	0	0	0	0	0	0	0.0	0.0	0.0	0.0	0	0	0	0
baseline	43	10000	9657	10000	318	320	1	1	1	1	0	0	24	0	0	0	0.0	0.0	0.0	0.0	0	0	0	0
baseline	44	10000	9565	10000	390	393	2	2	2	2	0	0	43	0	0	0	0.0	0.0	0.0	0.0	0	0	0	0
baseline	45	10000	9477	10000	462	466	3	3	3	3	0	0	58	0	0	0	0.0	0.0	0.0	0.0	0	0	0	0
baseline	46	10000	9384	10000	529	540	10	10	10	10	0	0	77	0	0	0	0.0	0.0	0.0	0.0	0	0	0	0
baseline	47	10000	9292	10000	598	610	11	11	8	11	3	3	99	0	0	0	0.0	0.2454	0.0	10.32	0	0	3	0
baseline	48	10000	9203	10000	654	671	14	14	8	14	6	6	129	0	5	0	0.0	0.5993	0.0	21.36	0	0	6	0
baseline	49	10000	9106	10000	722	744	19	19	10	19	9	9	153	0	6	0	0.0	0.8892	0.0	33.12	0	0	9	0
baseline	50	10000	9175	10238	627	890	21	21	6	21	15	15	177	0	282	0	275.3947	23.8772	0.0	52.6662	4949	1353	2805	0
baseline	51	10000	9026	10253	758	1040	24	24	5	24	19	19	192	0	305	0	283.80343599998605	36.90900911421027	0.0	66.3146712769845	9765	1353	2960	0
baseline	52	10000	8865	10260	884	1177	26	27	5	27	21	22	225	1	318	0	291.65505831999144	50.428304805367944	0.2677273036705733	75.80101963172454	14401	1353	3134	0
baseline	53	10000	8712	10276	997	1314	29	30	8	30	21	22	262	1	340	0	299.0000680894184	61.5203848435677	0.48660448371965487	75.80101963172454	18872	1353	3275	0
baseline	54	10000	8537	10285	1124	1457	32	33	8	33	24	25	307	1	353	0	305.9175690481957	74.29373023883383	0.7397999510958037	84.58034163770304	23213	1353	3419	0
baseline	55	10000	8496	10409	1116	1584	36	39	10	39	26	29	352	3	528	0	349.5551690449658	92.32379571583346	23.921668468477666	95.7703329797946	27402	2593	3869	0
baseline	56	10000	8369	10432	1192	1689	39	43	12	43	27	31	400	3	561	0	355.8164530116247	100.83409176269718	25.337516596235055	101.19367028666925	31578	2593	4000	0
baseline	57	10000	8230	10452	1266	1802	42	48	12	48	30	36	462	5	594	0	361.89862467396586	109.97403633318879	26.3424371411965	115.35339038618571	35760	2593	4138	0
baseline	58	10000	8081	10479	1352	1931	48	55	16	55	32	39	519	6	635	0	367.78140232993195	119.03073557915296	27.74000829974578	123.31418613402187	39930	2593	4283	0
baseline	59	10000	7954	10507	1412	2034	51	60	15	60	36	45	583	8	688	0	373.46717041757995	128.0964633359962	28.59145452498137	138.10932710606798	44085	2593	4423	0
baseline	60	10000	8059	10895	1233	2263	58	68	12	68	46	56	650	9	1205	0	558.6915927931586	142.81073171475782	50.068342281494566	165.1182666155455	48182	3743	7245	0
baseline	61	10000	7844	10929	1381	2457	61	72	9	72	52	63	714	10	1258	0	563.9048524791594	151.7791361720352	52.4603957439777	181.82092871203886	52231	3743	7416	0
baseline	62	10000	7630	10969	1506	2643	67	82	16	82	51	66	797	13	1335	0	568.823084670836	161.2590503154032	54.567691218792405	189.44856954497237	56169	3743	7590	0
baseline	63	10000	7411	11007	1620	2827	82	99	26	99	56	73	887	15	1406	0	573.5707523702787	169.82969080367198	57.4127786370493	205.44047232928983	60088	3743	7769	0
baseline	64	10000	7203	11055	1717	3000	87	106	26	106	61	80	993	17	1511	0	578.100783299577	179.0132489693236	59.9861804123715	220.64853848542484	63943	3743	7953	0
baseline	65	10000	7239	11341	1574	3163	93	115	20	115	73	94	1094	19	1944	0	606.1785710998138	196.56371008366003	99.40967030286934	250.7932371915561	67694	4820	8863	0
baseline	66	10000	7038	11383	1659	3322	100	123	19	123	81	103	1203	20	2026	0	610.2473873003436	205.18923200008774	103.259279137378	271.08890825802507	71374	4820	9051	0
baseline	67	10000	6859	11427	1720	3455	104	129	13	129	91	115	1317	22	2139	0	614.0793829188233	212.65252702342505	107.15334424986834	297.19005257530677	74947	4820	9247	0
baseline	68	10000	6670	11482	1760	3588	110	137	11	137	99	125	1460	23	2248	0	617.7173549360227	220.0606161886376	111.60887033226905	317.59214955563255	78444	4820	9456	0
baseline	69	10000	6470	11527	1807	3719	112	145	14	145	98	129	1611	27	2346	0	621.1674777661727	225.95945073665558	116.03779541419901	324.94874512690603	81863	4820	9647	0
baseline	70	10000	6754	12085	1329	3847	123	158	18	158	105	137	1794	27	3223	0	733.8803293983651	239.6009790052866	152.19349335336275	339.32861297318607	85233	5738	12436	0
baseline	71	10000	6545	12133	1389	3988	122	162	14	162	108	145	1944	31	3330	0	736.953747353309	245.51913725039526	156.56496695955897	352.9269277514042	88470	5738	12636	0
baseline	72	10000	6330	12181	1414	4107	128	171	14	171	114	154	2128	32	3456	0	739.874178025244	252.35128748948722	162.55751309800118	368.2706787264539	91641	5738	12869	0
baseline	73	10000	6121	12234	1426	4210	125	176	12	176	113	160	2328	35	3572	0	742.6078337554384	258.16640231994495	168.24693791196265	378.0445305660656	94701	5738	13108	0
baseline	74	10000	5878	12281	1445	4327	131	187	18	187	113	165	2546	38	3671	0	745.146828183802	263.1091177616934	172.5871352215457	385.8220341603886	97631	5738	13309	0
baseline	75	10000	5854	12557	1229	4437	131	196	16	196	115	176	2786	43	4078	0	759.4339659885286	271.9888421761852	217.5585306934277	402.5710344538336	100455	6469	14509	0
baseline	76	10000	5600	12577	1250	4531	132	210	22	210	110	184	3018	49	4110	0	759.4339659885286	272.284657574091	222.02097003839296	414.99726187817424	100455	6469	14623	0
baseline	77	10000	5314	12597	1277	4640	132	220	26	220	106	190	3277	53	4155	0	759.4339659885286	272.50042955554443	226.55342281965744	423.9677243327965	100455	6469	14736	0
baseline	78	10000	5068	12626	1282	4742	134	228	25	228	109	197	3516	56	4205	0	759.4339659885286	272.81995331615184	231.6706324412989	434.80678071709366	100455	6469	14871	0
baseline	79	10000	4815	12644	1278	4832	141	239	26	239	115	207	3766	58	4239	0	759.4339659885286	273.18432507652585	235.45691908216506	449.967810693714	100455	6469	14980	0
baseline	80	10000	4740	12791	1055	4834	141	251	32	251	109	211	4064	62	4445	0	759.4339659885286	273.3340941922383	268.547672349166	454.94239272472066	100455	6469	15900	0
baseline	81	10000	4492	12800	979	4834	137	257	25	257	112	222	4392	65	4466	0	759.4339659885286	273.8026355224237	271.3821195143591	469.13581964629765	100455	6469	15995	0
baseline	82	10000	4223	12814	901	4834	135	270	28	270	107	231	4741	70	4491	0	759.4339659885286	274.1151688234785	274.03711155995194	480.66506915802125	100455	6469	16081	0
baseline	83	10000	3950	12823	819	4834	134	283	35	283	99	236	5097	72	4504	0	759.4339659885286	274.3107203769025	277.0409765891084	486.8689910639044	100455	6469	16181	0
baseline	84	10000	3686	12830	753	4834	126	291	32	291	94	244	5435	77	4520	0	759.4339659885286	274.59086015389835	279.7544113604183	496.2146282507234	100455	6469	16277	0
baseline	85	10000	3391	12840	667	4834	125	303	32	303	93	252	5817	79	4548	0	759.4339659885286	274.8390588059168	298.20838730884896	505.1687691059838	100455	6469	16931	0
baseline	86	10000	3086	12841	601	4834	120	312	32	312	88	261	6193	81	4551	0	759.4339659885286	275.1102723387787	299.6137597670674	515.3353934802736	100455	6469	16991	0
baseline	87	10000	2778	12841	541	4834	109	321	28	321	81	270	6572	84	4553	0	759.4339659885286	275.3721046854261	300.88554519586677	525.5236800310078	100455	6469	17048	0
baseline	88	10000	2496	12842	474	4834	98	327	23	327	75	276	6932	90	4559	0	759.4339659885286	275.5804971373673	302.3896679384716	531.6296319147981	100455	6469	17112	0
baseline	89	10000	2196	12842	397	4834	92	337	25	337	67	281	7315	94	4563	0	759.4339659885286	275.7565411760502	303.56139147477154	536.9560254787623	100455	6469	17164	0
baseline	90	10000	1918	12842	341	4834	85	341	21	341	64	285	7656	95	4566	0	759.4339659885286	275.866095791083	312.81322830001733	541.5731449234522	100455	6469	17550	0
baseline	91	10000	1644	12842	284	4834	81	346	18	346	63	289	7991	95	4572	0	759.4339659885286	275.9884519797322	313.48179533737317	545.3632397886535	100455	6469	17582	0
baseline	92	10000	1388	12842	241	4834	71	349	17	349	54	291	8300	99	4572	0	759.4339659885286	276.0557592314276	314.04932895825317	547.1056874891867	100455	6469	17610	0
baseline	93	10000	1137	12842	188	4834	63	352	16	352	47	293	8612	99	4579	0	759.4339659885286	276.1203908825661	314.67888050879617	548.8197314074355	100455	6469	17640	0
baseline	94	10000	921	12842	149	4834	55	354	8	354	47	299	8875	101	4591	0	759.4339659885286	276.2947363463867	315.2459316243283	554.5190768513818	100455	6469	17672	0
baseline	95	10000	729	12842	118	4834	46	355	8	355	38	300	9107	102	4591	0	759.4339659885286	276.3149997407597	318.40241167891554	555.2473699987717	100455	6469	17825	0
baseline	96	10000	576	12842	90	4834	40	356	4	356	36	302	9294	102	4591	0	759.4339659885286	276.3544154782249	318.52330556285034	556.6640236436124	100455	6469	17833	0
baseline	97	10000	445	12842	64	4834	26	358	4	358	22	302	9465	103	4591	0	759.4339659885286	276.3544154782249	318.67966165273936	556.6640236436124	100455	6469	17841	0
baseline	98	10000	319	12842	38	4834	19	359	4	359	15	302	9624	104	4591	0	759.4339659885286	276.3544154782249	318.9070648269237	556.6640236436124	100455	6469	17853	0
baseline	99	10000	225	12842	25	4834	13	360	2	360	11	302	9737	104	4591	0	759.4339659885286	276.3544154782249	319.09055010947236	556.6640236436124	100455	6469	17863	0
baseline	100	10000	0	12842	0	4834	0	360	0	360	0	302	10000	104	4591	0	759.4339659885286	276.3544154782249	319.85757326071933	556.6640236436124	100455	6469	17906	0
