description	age	n	num_state_healthy	tot_state_healthy	num_state_polyp	tot_state_polyp	num_state_cancer	tot_state_cancer	num_state_pre	tot_state_pre	num_state_clin	tot_state_clin	tot_state_dead	tot_state_dead_crc	tot_polyps_removed	tot_lesions_cured	tot_discounted_cost_routine	tot_discounted_cost_diagnostic	tot_discounted_cost_surveillance	tot_discounted_cost_treatment	tot_test0_performed	tot_test1_performed	tot_test2_performed	tot_test3_performed
baseline	1	10000	10000	10000	0	0	0	0	0	0	0	0	0	0	0	0	0.0	0.0	0.0	0.0	0	0	0	0
baseline	2	10000	10000	10000	0	0	0	0	0	0	0	0	0	0	0	0	0.0	0.0	0.0	0.0	0	0	0	0
baseline	3	10000	10000	10000	0	0	0	0	0	0	0	0	0	0	0	0	0.0	0.0	0.0	0.0	0	0	0	0
baseline	4	10000	10000	10000	0	0	0	0	0	0	0	0	0	0	0	0	0.0	0.0	0.0	0.0	0	0	0	0
baseline	5	10000	10000	10000	0	0	0	0	0	0	0	0	0	0	0	0	0.0	0.0	0.0	0.0	0	0	0	0
baseline	6	10000	10000	10000	0	0	0	0	0	0	0	0	0	0	0	0	0.0	0.0	0.0	0.0	0	0	0	0
baseline	7	10000	10000	10000	0	0	0	0	0	0	0	0	0	0	0	0	0.0	0.0	0.0	0.0	0	0	0	0
baseline	8	10000	10000	10000	0	0	0	0	0	0	0	0	0	0	0	0	0.0	0.0	0.0	0.0	0	0	0	0
baseline	9	10000	10000	10000	0	0	0	0	0	0	0	0	0	0	0	0	0.0	0.0	0.0	0.0	0	0	0	0
baseline	10	10000	10000	10000	0	0	0	0	0	0	0	0	0	0	0	0	0.0	0.0	0.0	0.0	0	0	0	0
baseline	11	10000	10000	10000	0	0	0	0	0	0	0	0	0	0	0	0	0.0	0.0	0.0	0.0	0	0	0	0
baseline	12	10000	10000	10000	0	0	0	0	0	0	0	0	0	0	0	0	0.0	0.0	0.0	0.0	0	0	0	0
baseline	13	10000	10000	10000	0	0	0	0	0	0	0	0	0	0	0	0	0.0	0.0	0.0	0.0	0	0	0	0
baseline	14	10000	10000	10000	0	0	0	0	0	0	0	0	0	0	0	0	0.0	0.0	0.0	0.0	0	0	0	0
baseline	15	10000	10000	10000	0	0	0	0	0	0	0	0	0	0	0	0	0.0	0.0	0.0	0.0	0	0	0	0
baseline	16	10000	10000	10000	0	0	0	0	0	0	0	0	0	0	0	0	0.0	0.0	0.0	0.0	0	0	0	0
baseline	17	10000	10000	10000	0	0	0	0	0	0	0	0	0	0	0	0	0.0	0.0	0.0	0.0	0	0	0	0
baseline	18	10000	10000	10000	0	0	0	0	0	0	0	0	0	0	0	0	0.0	0.0	0.0	0.0	0	0	0	0
baseline	19	10000	10000	10000	0	0	0	0	0	0	0	0	0	0	0	0	0.0	0.0	0.0	0.0	0	0	0	0
baseline	20	10000	10000	10000	0	0	0	0	0	0	0	0	0	0	0	0	0.0	0.0	0.0	0.0	0	0	0	0
baseline	21	10000	10000	10000	0	0	0	0	0	0	0	0	0	0	0	0	0.0	0.0	0.0	0.0	0	0	0	0
baseline	22	10000	10000	10000	0	0	0	0	0	0	0	0	0	0	0	0	0.0	0.0	0.0	0.0	0	0	0	0
baseline	23	10000	10000	10000	0	0	0	0	0	0	0	0	0	0	0	0	0.0	0.0	0.0	0.0	0	0	0	0
baseline	24	10000	10000	10000	0	0	0	0	0	0	0	0	0	0	0	0	0.0	0.0	0.0	0.0	0	0	0	0
baseline	25	10000	10000	10000	0	0	0	0	0	0	0	0	0	0	0	0	0.0	0.0	0.0	0.0	0	0	0	0
baseline	26	10000	10000	10000	0	0	0	0	0	0	0	0	0	0	0	0	0.0	0.0	0.0	0.0	0	0	0	0
baseline	27	10000	10000	10000	0	0	0	0	0	0	0	0	0	0	0	0	0.0	0.0	0.0	0.0	0	0	0	0
baseline	28	10000	10000	10000	0	0	0	0	0	0	0	0	0	0	0	0	0.0	0.0	0.0	0.0	0	0	0	0
baseline	29	10000	10000	10000	0	0	0	0	0	0	0	0	0	0	0	0	0.0	0.0	0.0	0.0	0	0	0	0
baseline	30	10000	10000	10000	0	0	0	0	0	0	0	0	0	0	0	0	0.0	0.0	0.0	0.0	0	0	0	0
baseline	31	10000	10000	10000	0	0	0	0	0	0	0	0	0	0	0	0	0.0	0.0	0.0	0.0	0	0	0	0
baseline	32	10000	10000	10000	0	0	0	0	0	0	0	0	0	0	0	0	0.0	0.0	0.0	0.0	0	0	0	0
baseline	33	10000	10000	10000	0	0	0	0	0	0	0	0	0	0	0	0	0.0	0.0	0.0	0.0	0	0	0	0
baseline	34	10000	10000	10000	0	0	0	0	0	0	0	0	0	0	0	0	0.0	0.0	0.0	0.0	0	0	0	0
baseline	35	10000	10000	10000	0	0	0	0	0	0	0	0	0	0	0	0	0.0	0.0	0.0	0.0	0	0	0	0
baseline	36	10000	10000	10000	0	0	0	0	0	0	0	0	0	0	0	0	0.0	0.0	0.0	0.0	0	0	0	0
baseline	37	10000	10000	10000	0	0	0	0	0	0	0	0	0	0	0	0	0.0	0.0	0.0	0.0	0	0	0	0
baseline	38	10000	10000	10000	0	0	0	0	0	0	0	0	0	0	0	0	0.0	0.0	0.0	0.0	0	0	0	0
baseline	39	10000	10000	10000	0	0	0	0	0	0	0	0	0	0	0	0	0.0	0.0	0.0	0.0	0	0	0	0
baseline	40	10000	9934	10000	66	66	0	0	0	0	0	0	0	0	0	0	0.0	0.0	0.0	0.0	0	0	0	0
baseline	41	10000	9854	10000	146	146	0	0	0	0	0	0	0	0	0	0	0.0	0.0	0.0	0.0	0	0	0	0
baseline	42	10000	9768	10000	232	232	0	0	0	0	0	0	0	0	0	0	0.0	0.0	0.0	0.0	0	0	0	0
baseline	43	10000	9638	10000	318	320	1	1	1	1	0	0	43	0	0	0	0.0	0.0	0.0	0.0	0	0	0	0
baseline	44	10000	9531	10000	390	393	2	2	2	2	0	0	77	0	0	0	0.0	0.0	0.0	0.0	0	0	0	0
baseline	45	10000	9417	10000	460	465	3	3	3	3	0	0	120	0	0	0	0.0	0.0	0.0	0.0	0	0	0	0
baseline	46	10000	9298	10000	527	539	9	9	7	9	2	2	166	0	0	0	0.0	0.1636	0.0	6.5154	0	0	2	0
baseline	47	10000	9205	10000	596	609	10	10	7	10	3	3	189	0	0	0	0.0	0.2454	0.0	9.9554	0	0	3	0
baseline	48	10000	9093	10000	654	670	10	11	7	11	3	4	243	1	0	0	0.0	0.3272	0.0	12.8954	0	0	4	0
baseline	49	10000	8963	10000	717	743	14	16	8	16	6	8	306	2	0	0	0.0	0.6544	0.0	28.8154	0	0	8	0
baseline	50	10000	9004	10240	619	889	15	17	6	17	9	11	362	2	289	0	287.7998	23.8669	0.0	38.5885	4863	1334	2789	0
baseline	51	10000	8805	10253	748	1037	16	19	3	19	13	16	431	3	305	0	295.9972699999861	36.815438619829266	0.07823855759593827	55.282846503372255	9558	1334	2945	0
baseline	52	10000	8609	10259	867	1171	20	23	6	23	14	17	504	3	314	0	303.6050110399901	51.72917406982951	0.1534166659703995	58.34801643337226	14050	1334	3106	0
baseline	53	10000	8435	10272	977	1302	23	26	8	26	15	18	565	3	330	0	310.65760038021773	61.90036705102924	0.1534166659703995	61.32123126547225	18343	1334	3234	0
baseline	54	10000	8242	10280	1088	1437	29	32	9	32	20	23	641	3	343	0	317.3520075508753	71.02829779293866	0.4073500767198922	75.85457479144964	22544	1334	3357	0
baseline	55	10000	8192	10413	1064	1558	35	38	8	38	27	30	709	3	508	0	360.6740227932007	88.7667108291203	19.616371497603243	95.68685714729865	26587	2571	3803	0
baseline	56	10000	8038	10430	1137	1660	37	42	7	42	30	35	788	4	544	0	366.73289456266133	97.90274291291286	21.035679898942412	110.33831116134282	30628	2571	3944	0
baseline	57	10000	7865	10452	1214	1775	43	49	11	49	32	38	878	4	576	0	372.5765496892251	108.01842625351988	21.636334345752708	118.34657231093449	34646	2571	4092	0
baseline	58	10000	7672	10473	1292	1901	49	56	14	56	35	42	987	5	613	0	378.19410859235416	116.35997566114156	22.90623371104961	128.78950895202433	38628	2571	4226	0
baseline	59	10000	7504	10497	1349	2003	57	66	18	66	39	48	1090	7	662	0	383.57198310125153	125.53303496597239	25.752864115963227	144.19246259396	42558	2571	4371	0
baseline	60	10000	7599	10902	1154	2221	59	69	9	69	50	60	1188	8	1194	0	557.9793521866453	140.7245619193097	49.905451338409385	174.48532952991474	46416	3658	7061	0
baseline	61	10000	7372	10942	1265	2395	64	74	5	74	59	69	1299	8	1259	0	562.8720137837792	150.6340805816128	52.39474835079487	195.88293126281752	50216	3658	7246	0
baseline	62	10000	7122	10979	1381	2577	68	78	5	78	63	73	1429	8	1328	0	567.5404627254989	159.72209721016748	54.31231756447834	205.0507397628863	53954	3658	7414	0
baseline	63	10000	6875	11014	1487	2749	78	88	11	88	67	77	1560	8	1388	0	571.8895637821474	168.56217343407437	56.511614465002665	213.8208211694158	57544	3658	7560	0
baseline	64	10000	6642	11057	1557	2899	85	97	17	97	68	80	1716	9	1477	0	576.0529618580225	177.1602106813223	58.75867040360725	220.16416339058793	61087	3658	7731	0
baseline	65	10000	6623	11327	1412	3068	96	112	20	112	76	92	1869	11	1862	0	601.9305184016054	192.5527332224167	98.34060590667274	245.7241092692537	64517	4652	8587	0
baseline	66	10000	6403	11371	1466	3206	102	121	25	121	77	95	2029	12	1943	0	605.6366792451305	200.0626828343477	102.25473555159192	251.77797507902972	67869	4652	8782	0
baseline	67	10000	6190	11414	1511	3343	109	130	24	130	85	105	2190	13	2035	0	609.1404938786538	207.4900124777814	105.76069515886589	271.9083283890778	71136	4652	8974	0
baseline	68	10000	5956	11462	1539	3469	120	144	29	144	91	114	2385	15	2142	0	612.4507675299906	215.19255188023848	109.17019687363613	289.2507947997737	74318	4652	9171	0
baseline	69	10000	5747	11506	1559	3586	125	154	28	154	97	124	2569	16	2239	0	615.5002765070942	221.01742597123868	113.0617722243207	307.49407236819593	77340	4652	9348	0
baseline	70	10000	5919	11967	1178	3698	124	159	11	159	113	146	2779	22	2974	0	714.0693635563698	232.17273422833398	146.79444784222875	348.9915664051038	80258	5450	11774	0
baseline	71	10000	5678	12022	1203	3820	129	168	16	168	113	150	2990	24	3069	0	716.7468546385248	237.36982645616646	151.30811331272102	356.00983415621425	83078	5450	11960	0
baseline	72	10000	5453	12070	1209	3926	131	178	17	178	114	158	3207	28	3169	0	719.2537648526571	242.30721460863677	155.80463344304238	369.6397833295281	85800	5450	12147	0
baseline	73	10000	5254	12115	1185	4000	130	184	16	184	114	164	3431	33	3250	0	721.5854123872347	247.80937012663904	160.05389613794557	380.113000456936	88410	5450	12326	0
baseline	74	10000	5061	12164	1175	4097	134	200	22	200	112	172	3630	41	3365	0	723.7587222938322	252.97706635921233	164.12146172188125	393.42143076700484	90918	5450	12520	0
baseline	75	10000	5021	12413	991	4201	133	205	16	205	117	183	3855	44	3743	0	736.7579905589376	261.05744213852694	202.0622035863005	410.72144183548306	93315	6124	13535	0
baseline	76	10000	4735	12435	1004	4291	128	213	17	213	111	188	4133	49	3782	0	736.7579905589376	261.35294199331736	206.37916345443003	418.86948778712946	93315	6124	13644	0
baseline	77	10000	4451	12456	1023	4380	126	218	18	218	108	191	4400	52	3822	0	736.7579905589376	261.410684299805	210.72562067849483	423.2694548614774	93315	6124	13751	0
baseline	78	10000	4154	12474	1044	4466	125	225	24	225	101	192	4677	55	3854	0	736.7579905589376	261.46436983244973	214.5134225464339	425.0377194363177	93315	6124	13848	0
baseline	79	10000	3904	12500	1005	4543	128	233	28	233	100	196	4963	56	3895	0	736.7579905589376	261.59785342008354	218.285021925066	430.37408418970136	93315	6124	13946	0
baseline	80	10000	3806	12636	813	4543	123	239	28	239	95	199	5258	58	4085	0	736.7579905589376	261.6944840073615	244.55913571909116	434.7249490421421	93315	6124	14662	0
baseline	81	10000	3609	12653	754	4543	123	248	29	248	94	207	5514	60	4116	0	736.7579905589376	262.073706059135	247.24442854478144	445.6795753478634	93315	6124	14744	0
baseline	82	10000	3364	12662	679	4543	118	257	27	257	91	214	5839	65	4139	0	736.7579905589376	263.2749381381806	249.65235118802428	454.8996790764761	93315	6124	14824	0
baseline	83	10000	3150	12670	621	4543	104	259	22	259	82	220	6125	67	4154	0	736.7579905589376	263.4856221484755	251.93165327390363	462.5468107206422	93315	6124	14901	0
baseline	84	10000	2902	12674	558	4543	106	268	23	268	83	228	6434	71	4163	0	736.7579905589376	263.724840747115	253.8510239878728	471.9421525066224	93315	6124	14972	0
baseline	85	10000	2662	12685	496	4543	104	278	26	278	78	233	6738	72	4182	0	736.7579905589376	263.9021565450767	269.1311190999393	477.7137999791299	93315	6124	15484	0
baseline	86	10000	2444	12686	431	4543	96	285	26	285	70	239	7029	79	4195	0	736.7579905589376	264.16486849120525	270.67456724370425	484.57976587382274	93315	6124	15547	0
baseline	87	10000	2203	12686	380	4543	92	289	21	289	71	245	7325	82	4197	0	736.7579905589376	264.35067386118425	272.15820276194603	491.33295882080176	93315	6124	15609	0
baseline	88	10000	1981	12686	325	4543	82	292	17	292	65	249	7612	85	4198	0	736.7579905589376	264.4412281013373	273.3402309218186	495.6936946357926	93315	6124	15658	0
baseline	89	10000	1761	12686	284	4543	77	295	10	295	67	256	7878	85	4205	0	736.7579905589376	264.6715026130292	275.04282158329033	502.6935161096362	93315	6124	15704	0
baseline	90	10000	1550	12686	250	4543	77	303	13	303	64	260	8123	87	4208	0	736.7579905589376	264.7814799760033	282.3116683798344	506.3463296189589	93315	6124	16008	0
baseline	91	10000	1347	12686	203	4543	70	309	10	309	60	267	8380	89	4213	0	736.7579905589376	264.9617650439145	283.0966921375465	513.6379372568396	93315	6124	16048	0
baseline	92	10000	1140	12686	171	4543	47	311	8	311	39	270	8642	93	4214	0	736.7579905589376	265.0409363182333	283.71101239522966	516.3591208230014	93315	6124	16078	0
baseline	93	10000	967	12686	136	4543	40	313	8	313	32	271	8857	93	4214	0	736.7579905589376	265.0628297604605	284.26293462410604	517.2798230389116	93315	6124	16104	0
baseline	94	10000	800	12686	112	4543	36	316	6	316	30	273	9052	93	4214	0	736.7579905589376	265.1049927557216	284.6259890343274	518.9241291199488	93315	6124	16123	0
baseline	95	10000	659	12686	92	4543	27	316	4	316	23	274	9222	95	4215	0	736.7579905589376	265.1364325464974	287.6572845379002	519.6559817318329	93315	6124	16270	0
baseline	96	10000	543	12686	70	4543	24	318	4	318	20	276	9363	95	4220	0	736.7579905589376	265.20308452294495	287.7983274024908	521.2518977372437	93315	6124	16279	0
baseline	97	10000	424	12686	54	4543	14	319	4	319	10	276	9508	95	4220	0	736.7579905589376	265.20308452294495	288.051934612043	521.2518977372437	93315	6124	16292	0
baseline	98	10000	319	12686	38	4543	13	320	3	320	10	278	9630	97	4224	0	736.7579905589376	265.25559730759284	288.2982333666118	522.8900846602305	93315	6124	16307	0
baseline	99	10000	241	12686	28	4543	10	320	1	320	9	280	9721	97	4224	0	736.7579905589376	265.2920029535357	288.4085699503443	524.5820694113231	93315	6124	16315	0
baseline	100	10000	0	12686	0	4543	0	320	0	320	0	280	10000	97	4224	0	736.7579905589376	265.2920029535357	289.211268596998	524.5820694113231	93315	6124	16360	0
