description	age	n	num_state_healthy	tot_state_healthy	num_state_polyp	tot_state_polyp	num_state_cancer	tot_state_cancer	num_state_pre	tot_state_pre	num_state_clin	tot_state_clin	tot_state_dead	tot_state_dead_crc	tot_polyps_removed	tot_lesions_cured	tot_discounted_cost_routine	tot_discounted_cost_diagnostic	tot_discounted_cost_surveillance	tot_discounted_cost_treatment	tot_test0_performed	tot_test1_performed	tot_test2_performed	tot_test3_performed
baseline	1	10000	10000	10000	0	0	0	0	0	0	0	0	0	0	0	0	0.0	0.0	0.0	0.0	0	0	0	0
baseline	2	10000	10000	10000	0	0	0	0	0	0	0	0	0	0	0	0	0.0	0.0	0.0	0.0	0	0	0	0
baseline	3	10000	10000	10000	0	0	0	0	0	0	0	0	0	0	0	0	0.0	0.0	0.0	0.0	0	0	0	0
baseline	4	10000	10000	10000	0	0	0	0	0	0	0	0	0	0	0	0	0.0	0.0	0.0	0.0	0	0	0	0
baseline	5	10000	10000	10000	0	0	0	0	0	0	0	0	0	0	0	0	0.0	0.0	0.0	0.0	0	0	0	0
baseline	6	10000	10000	10000	0	0	0	0	0	0	0	0	0	0	0	0	0.0	0.0	0.0	0.0	0	0	0	0
baseline	7	10000	10000	10000	0	0	0	0	0	0	0	0	0	0	0	0	0.0	0.0	0.0	0.0	0	0	0	0
baseline	8	10000	10000	10000	0	0	0	0	0	0	0	0	0	0	0	0	0.0	0.0	0.0	0.0	0	0	0	0
baseline	9	10000	10000	10000	0	0	0	0	0	0	0	0	0	0	0	0	0.0	0.0	0.0	0.0	0	0	0	0
baseline	10	10000	10000	10000	0	0	0	0	0	0	0	0	0	0	0	0	0.0	0.0	0.0	0.0	0	0	0	0
baseline	11	10000	10000	10000	0	0	0	0	0	0	0	0	0	0	0	0	0.0	0.0	0.0	0.0	0	0	0	0
baseline	12	10000	10000	10000	0	0	0	0	0	0	0	0	0	0	0	0	0.0	0.0	0.0	0.0	0	0	0	0
baseline	13	10000	10000	10000	0	0	0	0	0	0	0	0	0	0	0	0	0.0	0.0	0.0	0.0	0	0	0	0
baseline	14	10000	10000	10000	0	0	0	0	0	0	0	0	0	0	0	0	0.0	0.0	0.0	0.0	0	0	0	0
baseline	15	10000	10000	10000	0	0	0	0	0	0	0	0	0	0	0	0	0.0	0.0	0.0	0.0	0	0	0	0
baseline	16	10000	10000	10000	0	0	0	0	0	0	0	0	0	0	0	0	0.0	0.0	0.0	0.0	0	0	0	0
baseline	17	10000	10000	10000	0	0	0	0	0	0	0	0	0	0	0	0	0.0	0.0	0.0	0.0	0	0	0	0
baseline	18	10000	10000	10000	0	0	0	0	0	0	0	0	0	0	0	0	0.0	0.0	0.0	0.0	0	0	0	0
baseline	19	10000	10000	10000	0	0	0	0	0	0	0	0	0	0	0	0	0.0	0.0	0.0	0.0	0	0	0	0
baseline	20	10000	10000	10000	0	0	0	0	0	0	0	0	0	0	0	0	0.0	0.0	0.0	0.0	0	0	0	0
baseline	21	10000	10000	10000	0	0	0	0	0	0	0	0	0	0	0	0	0.0	0.0	0.0	0.0	0	0	0	0
baseline	22	10000	10000	10000	0	0	0	0	0	0	0	0	0	0	0	0	0.0	0.0	0.0	0.0	0	0	0	0
baseline	23	10000	10000	10000	0	0	0	0	0	0	0	0	0	0	0	0	0.0	0.0	0.0	0.0	0	0	0	0
baseline	24	10000	10000	10000	0	0	0	0	0	0	0	0	0	0	0	0	0.0	0.0	0.0	0.0	0	0	0	0
baseline	25	10000	10000	10000	0	0	0	0	0	0	0	0	0	0	0	0	0.0	0.0	0.0	0.0	0	0	0	0
baseline	26	10000	10000	10000	0	0	0	0	0	0	0	0	0	0	0	0	0.0	0.0	0.0	0.0	0	0	0	0
baseline	27	10000	10000	10000	0	0	0	0	0	0	0	0	0	0	0	0	0.0	0.0	0.0	0.0	0	0	0	0
baseline	28	10000	10000	10000	0	0	0	0	0	0	0	0	0	0	0	0	0.0	0.0	0.0	0.0	0	0	0	0
baseline	29	10000	10000	10000	0	0	0	0	0	0	0	0	0	0	0	0	0.0	0.0	0.0	0.0	0	0	0	0
baseline	30	10000	10000	10000	0	0	0	0	0	0	0	0	0	0	0	0	0.0	0.0	0.0	0.0	0	0	0	0
baseline	31	10000	10000	10000	0	0	0	0	0	0	0	0	0	0	0	0	0.0	0.0	0.0	0.0	0	0	0	0
baseline	32	10000	10000	10000	0	0	0	0	0	0	0	0	0	0	0	0	0.0	0.0	0.0	0.0	0	0	0	0
baseline	33	10000	10000	10000	0	0	0	0	0	0	0	0	0	0	0	0	0.0	0.0	0.0	0.0	0	0	0	0
baseline	34	10000	10000	10000	0	0	0	0	0	0	0	0	0	0	0	0	0.0	0.0	0.0	0.0	0	0	0	0
baseline	35	10000	10000	10000	0	0	0	0	0	0	0	0	0	0	0	0	0.0	0.0	0.0	0.0	0	0	0	0
baseline	36	10000	10000	10000	0	0	0	0	0	0	0	0	0	0	0	0	0.0	0.0	0.0	0.0	0	0	0	0
baseline	37	10000	10000	10000	0	0	0	0	0	0	0	0	0	0	0	0	0.0	0.0	0.0	0.0	0	0	0	0
baseline	38	10000	10000	10000	0	0	0	0	0	0	0	0	0	0	0	0	0.0	0.0	0.0	0.0	0	0	0	0
baseline	39	10000	10000	10000	0	0	0	0	0	0	0	0	0	0	0	0	0.0	0.0	0.0	0.0	0	0	0	0
baseline	40	10000	9934	10000	66	66	0	0	0	0	0	0	0	0	0	0	0.0	0.0	0.0	0.0	0	0	0	0
baseline	41	10000	9854	10000	146	146	0	0	0	0	0	0	0	0	0	0	0.0	0.0	0.0	0.0	0	0	0	0
baseline	42	10000	9768	10000	232	232	0	0	0	0	0	0	0	0	0	0	0.0	0.0	0.0	0.0	0	0	0	0
baseline	43	10000	9644	10000	318	320	1	1	1	1	0	0	37	0	0	0	0.0	0.0	0.0	0.0	0	0	0	0
baseline	44	10000	9541	10000	390	393	2	2	2	2	0	0	67	0	0	0	0.0	0.0	0.0	0.0	0	0	0	0
baseline	45	10000	9437	10000	462	466	3	3	3	3	0	0	98	0	0	0	0.0	0.0	0.0	0.0	0	0	0	0
baseline	46	10000	9328	10000	527	540	10	10	10	10	0	0	135	0	0	0	0.0	0.0	0.0	0.0	0	0	0	0
baseline	47	10000	9217	10000	595	610	11	11	8	11	3	3	177	0	0	0	0.0	0.2454	0.0	10.32	0	0	3	0
baseline	48	10000	9129	10000	651	671	14	14	8	14	6	6	206	0	5	0	0.0	0.5993	0.0	21.36	0	0	6	0
baseline	49	10000	9009	10000	719	744	19	19	10	19	9	9	253	0	6	0	0.0	0.8892	0.0	33.12	0	0	9	0
baseline	50	10000	9028	10209	647	886	19	19	2	19	17	17	306	0	250	0	256.3469	20.9559	0.0	59.1816	4339	1182	2521	0
baseline	51	10000	8835	10216	782	1038	24	25	7	25	17	18	359	0	259	0	263.68359199998827	31.028523482809675	0.0	63.13036978591938	8541	1182	2644	0
baseline	52	10000	8652	10225	900	1173	26	29	7	29	19	22	422	1	274	0	270.5410593799954	41.07721378427906	0.2796788769615907	76.14778940507593	12590	1182	2772	0
baseline	53	10000	8466	10235	1011	1306	33	36	10	36	23	26	490	1	294	0	276.9940225592112	50.479814042116686	0.5384662139664168	88.40696403811087	16518	1182	2893	0
baseline	54	10000	8291	10251	1113	1440	42	45	16	45	26	29	554	1	315	0	283.2151521936424	61.15913409836452	0.7916616813425658	97.17462498972118	20422	1182	3034	0
baseline	55	10000	8237	10380	1094	1566	44	49	14	49	30	35	625	3	481	0	322.49278779513156	78.65601497837366	17.75784157390263	114.87222533651101	24117	2302	3446	0
baseline	56	10000	8086	10393	1177	1674	47	53	11	53	36	42	690	4	504	0	327.91593533042567	89.1807558163404	18.27186859814432	134.3537734614574	27734	2302	3569	0
baseline	57	10000	7921	10411	1258	1786	49	57	10	57	39	47	772	5	535	0	333.28692049280517	97.74038472163377	19.266009946255686	147.10976064607607	31427	2302	3701	0
baseline	58	10000	7741	10426	1344	1908	57	66	14	66	43	52	858	6	576	0	338.3331304868898	106.43920823578607	20.607202890900616	161.32235155269717	35004	2302	3842	0
baseline	59	10000	7578	10448	1395	2011	65	75	18	75	47	57	962	7	612	0	343.19784903121183	114.32633651844533	21.79319158549234	173.41195256938656	38559	2302	3973	0
baseline	60	10000	7657	10827	1202	2219	72	84	15	84	57	69	1069	9	1115	0	512.0139209016577	128.95581062929404	41.141504142694394	204.19439772110715	42087	3323	6412	0
baseline	61	10000	7409	10857	1335	2401	79	93	19	93	60	74	1177	11	1164	0	516.4610927849409	136.5476087904902	42.64833110167293	216.56753778305497	45541	3323	6547	0
baseline	62	10000	7167	10885	1446	2574	90	106	26	106	64	80	1297	13	1207	0	520.7086569504837	143.41721846641948	44.676163487898336	230.3405878963246	48942	3323	6686	0
baseline	63	10000	6926	10919	1545	2741	93	111	17	111	76	94	1436	13	1302	0	524.7464156752209	152.22426673487806	46.9857725254641	261.0072956295215	52275	3323	6855	0
baseline	64	10000	6686	10950	1637	2893	92	114	14	114	78	100	1585	15	1367	0	528.564332793065	160.09316367911893	49.546786317680784	274.918843164041	55524	3323	7028	0
baseline	65	10000	6638	11190	1507	3042	92	118	9	118	83	109	1763	18	1749	0	552.2084123925684	173.6178744632261	85.21605269842674	293.3095062741477	58662	4231	7815	0
baseline	66	10000	6413	11232	1560	3189	103	134	19	134	84	114	1924	22	1841	0	555.6337364657348	181.20289104497522	87.92438078694305	303.7257842089639	61760	4231	7988	0
baseline	67	10000	6196	11271	1596	3316	113	146	20	146	93	124	2095	22	1927	0	558.830819851874	188.69288735794154	90.82624701416859	323.76272648710324	64741	4231	8168	0
baseline	68	10000	5957	11309	1629	3432	117	154	18	154	99	134	2297	23	2016	0	561.8529270037118	194.76540931983794	94.7068964021785	343.61112378352107	67646	4231	8348	0
baseline	69	10000	5715	11344	1655	3548	124	167	21	167	103	144	2506	25	2089	0	564.6955698854065	200.51817439035457	98.07203047851097	363.85356031777746	70463	4231	8517	0
baseline	70	10000	5893	11807	1241	3639	127	175	14	175	113	156	2739	27	2818	0	654.3110830783965	210.9197578028651	129.72136564250638	385.5465938872749	73119	4976	10771	0
baseline	71	10000	5654	11866	1256	3762	132	184	18	184	114	161	2958	27	2951	0	656.7493090000194	217.071372559502	133.3804191834782	394.27780760652973	75687	4976	10953	0
baseline	72	10000	5428	11916	1247	3861	131	189	11	189	120	172	3194	28	3068	0	658.9974235601587	222.47253715693023	137.19338875895951	412.90115113616423	78128	4976	11131	0
baseline	73	10000	5191	11960	1235	3952	130	197	10	197	120	180	3444	31	3165	0	661.1003730990093	227.14935692581525	140.9795672882548	426.3216054776973	80482	4976	11305	0
baseline	74	10000	4977	12005	1223	4039	130	205	16	205	114	181	3670	32	3254	0	663.0501128477507	231.0905133428533	144.79579278864472	427.93458450072137	82732	4976	11469	0
baseline	75	10000	4875	12208	1047	4116	129	213	18	213	111	187	3949	35	3551	0	674.546049444231	238.39499377916843	179.21125363393392	437.0319932390827	84911	5569	12401	0
baseline	76	10000	4566	12229	1043	4204	133	223	23	223	110	192	4258	37	3581	0	674.546049444231	238.65599945397713	183.24588598085197	444.7253417154537	84911	5569	12504	0
baseline	77	10000	4260	12250	1048	4287	133	232	25	232	108	198	4559	39	3615	0	674.546049444231	238.8779175218987	186.97873157204515	453.7237653647442	84911	5569	12599	0
baseline	78	10000	3979	12266	1024	4367	127	238	23	238	104	205	4870	44	3657	0	674.546049444231	239.23308679020064	190.56629641840257	464.16675667966695	84911	5569	12696	0
baseline	79	10000	3655	12278	1002	4438	124	244	22	244	102	212	5219	47	3681	0	674.546049444231	239.46921423753375	193.56402844552477	474.2768154624012	84911	5569	12782	0
baseline	80	10000	3524	12375	842	4439	118	250	20	250	98	218	5516	49	3817	0	674.546049444231	239.66861956019247	215.8120703662892	482.80627673260057	84911	5569	13405	0
baseline	81	10000	3263	12388	748	4439	117	262	23	262	94	223	5872	50	3839	0	674.546049444231	239.8867817415791	218.3641448554167	489.9592715534813	84911	5569	13483	0
baseline	82	10000	3014	12396	672	4439	106	265	22	265	84	226	6208	53	3849	0	674.546049444231	239.97820762581387	220.53550904604927	493.66828971649716	84911	5569	13551	0
baseline	83	10000	2748	12403	605	4439	107	272	22	272	85	232	6540	54	3867	0	674.546049444231	240.24195472473014	222.58387139232246	500.88045342887955	84911	5569	13621	0
baseline	84	10000	2484	12407	529	4439	103	280	21	280	82	239	6884	56	3879	0	674.546049444231	240.510627192005	224.28714971912973	509.93812034275606	84911	5569	13684	0
baseline	85	10000	2229	12412	457	4439	93	286	20	286	73	245	7221	60	3887	0	674.546049444231	240.7219386556405	236.3993000581327	517.0177947306016	84911	5569	14088	0
baseline	86	10000	1980	12412	385	4439	85	292	19	292	66	249	7550	62	3887	0	674.546049444231	240.83001213090435	237.57400984332025	521.7417244396801	84911	5569	14135	0
baseline	87	10000	1728	12412	340	4439	78	295	17	295	61	253	7854	62	3889	0	674.546049444231	240.9512300799968	238.71222469298797	525.8694282914197	84911	5569	14182	0
baseline	88	10000	1498	12412	295	4439	74	300	13	300	61	260	8133	62	3896	0	674.546049444231	241.19067423204152	239.53432667640894	533.9051316843185	84911	5569	14221	0
baseline	89	10000	1256	12413	244	4439	65	303	11	303	54	264	8435	64	3902	0	674.546049444231	241.3193249222889	240.4066582187518	537.9464645566388	84911	5569	14259	0
baseline	90	10000	1046	12413	194	4439	58	306	11	306	47	267	8702	65	3907	0	674.546049444231	241.46855684505877	244.92890276197568	540.6045723783424	84911	5569	14450	0
baseline	91	10000	855	12413	144	4439	52	312	15	312	37	269	8949	67	3910	0	674.546049444231	241.5310861505503	245.46802986507527	542.3603142991268	84911	5569	14475	0
baseline	92	10000	681	12413	107	4439	49	316	13	316	36	273	9163	67	3912	0	674.546049444231	241.64558853741852	245.78624729053374	545.9487159398817	84911	5569	14493	0
baseline	93	10000	547	12413	84	4439	41	318	11	318	30	274	9328	70	3914	0	674.546049444231	241.66722845693667	246.22848416176956	546.8587565650963	84911	5569	14513	0
baseline	94	10000	415	12413	63	4439	29	319	7	319	22	275	9493	70	3914	0	674.546049444231	241.66722845693667	246.39886657344053	547.945012030414	84911	5569	14521	0
baseline	95	10000	303	12413	47	4439	17	321	5	321	12	277	9633	72	3916	0	674.546049444231	241.7303267214181	247.8736888688658	549.4929482665248	84911	5569	14594	0
baseline	96	10000	224	12413	29	4439	14	322	3	322	11	278	9733	72	3919	0	674.546049444231	241.7838108698193	247.99458275280065	550.2025852918845	84911	5569	14602	0
baseline	97	10000	162	12413	23	4439	8	322	1	322	7	279	9807	72	3919	0	674.546049444231	241.8031870237607	248.07221397005083	551.0174259955315	84911	5569	14607	0
baseline	98	10000	119	12413	16	4439	4	322	0	322	4	279	9861	72	3919	0	674.546049444231	241.8031870237607	248.18596302544512	551.0174259955315	84911	5569	14613	0
baseline	99	10000	77	12413	10	4439	3	322	0	322	3	279	9910	72	3919	0	674.546049444231	241.8031870237607	248.22274188668928	551.0174259955315	84911	5569	14615	0
baseline	100	10000	0	12413	0	4439	0	322	0	322	0	279	10000	72	3919	0	674.546049444231	241.8031870237607	248.36544386831656	551.0174259955315	84911	5569	14623	0
