description	age	n	num_state_healthy	tot_state_healthy	num_state_polyp	tot_state_polyp	num_state_cancer	tot_state_cancer	num_state_pre	tot_state_pre	num_state_clin	tot_state_clin	tot_state_dead	tot_state_dead_crc	tot_polyps_removed	tot_lesions_cured	tot_discounted_cost_routine	tot_discounted_cost_diagnostic	tot_discounted_cost_surveillance	tot_discounted_cost_treatment	tot_test0_performed	tot_test1_performed	tot_test2_performed	tot_test3_performed
baseline	1	10000	10000	10000	0	0	0	0	0	0	0	0	0	0	0	0	0.0	0.0	0.0	0.0	0	0	0	0
baseline	2	10000	10000	10000	0	0	0	0	0	0	0	0	0	0	0	0	0.0	0.0	0.0	0.0	0	0	0	0
baseline	3	10000	10000	10000	0	0	0	0	0	0	0	0	0	0	0	0	0.0	0.0	0.0	0.0	0	0	0	0
baseline	4	10000	10000	10000	0	0	0	0	0	0	0	0	0	0	0	0	0.0	0.0	0.0	0.0	0	0	0	0
baseline	5	10000	10000	10000	0	0	0	0	0	0	0	0	0	0	0	0	0.0	0.0	0.0	0.0	0	0	0	0
baseline	6	10000	10000	10000	0	0	0	0	0	0	0	0	0	0	0	0	0.0	0.0	0.0	0.0	0	0	0	0
baseline	7	10000	10000	10000	0	0	0	0	0	0	0	0	0	0	0	0	0.0	0.0	0.0	0.0	0	0	0	0
baseline	8	10000	10000	10000	0	0	0	0	0	0	0	0	0	0	0	0	0.0	0.0	0.0	0.0	0	0	0	0
baseline	9	10000	10000	10000	0	0	0	0	0	0	0	0	0	0	0	0	0.0	0.0	0.0	0.0	0	0	0	0
baseline	10	10000	10000	10000	0	0	0	0	0	0	0	0	0	0	0	0	0.0	0.0	0.0	0.0	0	0	0	0
baseline	11	10000	10000	10000	0	0	0	0	0	0	0	0	0	0	0	0	0.0	0.0	0.0	0.0	0	0	0	0
baseline	12	10000	10000	10000	0	0	0	0	0	0	0	0	0	0	0	0	0.0	0.0	0.0	0.0	0	0	0	0
baseline	13	10000	10000	10000	0	0	0	0	0	0	0	0	0	0	0	0	0.0	0.0	0.0	0.0	0	0	0	0
baseline	14	10000	10000	10000	0	0	0	0	0	0	0	0	0	0	0	0	0.0	0.0	0.0	0.0	0	0	0	0
baseline	15	10000	10000	10000	0	0	0	0	0	0	0	0	0	0	0	0	0.0	0.0	0.0	0.0	0	0	0	0
baseline	16	10000	10000	10000	0	0	0	0	0	0	0	0	0	0	0	0	0.0	0.0	0.0	0.0	0	0	0	0
baseline	17	10000	10000	10000	0	0	0	0	0	0	0	0	0	0	0	0	0.0	0.0	0.0	0.0	0	0	0	0
baseline	18	10000	10000	10000	0	0	0	0	0	0	0	0	0	0	0	0	0.0	0.0	0.0	0.0	0	0	0	0
baseline	19	10000	10000	10000	0	0	0	0	0	0	0	0	0	0	0	0	0.0	0.0	0.0	0.0	0	0	0	0
baseline	20	10000	10000	10000	0	0	0	0	0	0	0	0	0	0	0	0	0.0	0.0	0.0	0.0	0	0	0	0
baseline	21	10000	10000	10000	0	0	0	0	0	0	0	0	0	0	0	0	0.0	0.0	0.0	0.0	0	0	0	0
baseline	22	10000	10000	10000	0	0	0	0	0	0	0	0	0	0	0	0	0.0	0.0	0.0	0.0	0	0	0	0
baseline	23	10000	10000	10000	0	0	0	0	0	0	0	0	0	0	0	0	0.0	0.0	0.0	0.0	0	0	0	0
baseline	24	10000	10000	10000	0	0	0	0	0	0	0	0	0	0	0	0	0.0	0.0	0.0	0.0	0	0	0	0
baseline	25	10000	10000	10000	0	0	0	0	0	0	0	0	0	0	0	0	0.0	0.0	0.0	0.0	0	0	0	0
baseline	26	10000	10000	10000	0	0	0	0	0	0	0	0	0	0	0	0	0.0	0.0	0.0	0.0	0	0	0	0
baseline	27	10000	10000	10000	0	0	0	0	0	0	0	0	0	0	0	0	0.0	0.0	0.0	0.0	0	0	0	0
baseline	28	10000	10000	10000	0	0	0	0	0	0	0	0	0	0	0	0	0.0	0.0	0.0	0.0	0	0	0	0
baseline	29	10000	10000	10000	0	0	0	0	0	0	0	0	0	0	0	0	0.0	0.0	0.0	0.0	0	0	0	0
baseline	30	10000	10000	10000	0	0	0	0	0	0	0	0	0	0	0	0	0.0	0.0	0.0	0.0	0	0	0	0
baseline	31	10000	10000	10000	0	0	0	0	0	0	0	0	0	0	0	0	0.0	0.0	0.0	0.0	0	0	0	0
baseline	32	10000	10000	10000	0	0	0	0	0	0	0	0	0	0	0	0	0.0	0.0	0.0	0.0	0	0	0	0
baseline	33	10000	10000	10000	0	0	0	0	0	0	0	0	0	0	0	0	0.0	0.0	0.0	0.0	0	0	0	0
baseline	34	10000	10000	10000	0	0	0	0	0	0	0	0	0	0	0	0	0.0	0.0	0.0	0.0	0	0	0	0
baseline	35	10000	10000	10000	0	0	0	0	0	0	0	0	0	0	0	0	0.0	0.0	0.0	0.0	0	0	0	0
baseline	36	10000	10000	10000	0	0	0	0	0	0	0	0	0	0	0	0	0.0	0.0	0.0	0.0	0	0	0	0
baseline	37	10000	10000	10000	0	0	0	0	0	0	0	0	0	0	0	0	0.0	0.0	0.0	0.0	0	0	0	0
baseline	38	10000	10000	10000	0	0	0	0	0	0	0	0	0	0	0	0	0.0	0.0	0.0	0.0	0	0	0	0
baseline	39	10000	10000	10000	0	0	0	0	0	0	0	0	0	0	0	0	0.0	0.0	0.0	0.0	0	0	0	0
baseline	40	10000	9934	10000	66	66	0	0	0	0	0	0	0	0	0	0	0.0	0.0	0.0	0.0	0	0	0	0
baseline	41	10000	9854	10000	146	146	0	0	0	0	0	0	0	0	0	0	0.0	0.0	0.0	0.0	0	0	0	0
baseline	42	10000	9768	10000	232	232	0	0	0	0	0	0	0	0	0	0	0.0	0.0	0.0	0.0	0	0	0	0
baseline	43	10000	9638	10000	318	320	1	1	1	1	0	0	43	0	0	0	0.0	0.0	0.0	0.0	0	0	0	0
baseline	44	10000	9531	10000	390	393	2	2	2	2	0	0	77	0	0	0	0.0	0.0	0.0	0.0	0	0	0	0
baseline	45	10000	9417	10000	460	465	3	3	3	3	0	0	120	0	0	0	0.0	0.0	0.0	0.0	0	0	0	0
baseline	46	10000	9298	10000	527	539	9	9	7	9	2	2	166	0	0	0	0.0	0.1636	0.0	6.5154	0	0	2	0
baseline	47	10000	9205	10000	596	609	10	10	7	10	3	3	189	0	0	0	0.0	0.2454	0.0	9.9554	0	0	3	0
baseline	48	10000	9093	10000	654	670	10	11	7	11	3	4	243	1	0	0	0.0	0.3272	0.0	12.8954	0	0	4	0
baseline	49	10000	8963	10000	717	743	14	16	8	16	6	8	306	2	0	0	0.0	0.6544	0.0	28.8154	0	0	8	0
baseline	50	10000	8837	10061	783	881	18	20	12	20	6	8	362	2	69	0	60.9727	6.3535	0.0	28.8154	1091	289	641	0
baseline	51	10000	8637	10064	909	1020	23	26	14	26	9	12	431	3	74	0	62.80425400000005	11.111683019102939	0.07823855759593827	41.760075982565596	2140	289	670	0
baseline	52	10000	8445	10067	1019	1148	32	35	18	35	14	17	504	3	78	0	64.59441033999967	13.661978171960012	0.1534166659703995	57.00613104993729	3197	289	702	0
baseline	53	10000	8262	10068	1139	1277	34	37	15	37	19	22	565	3	81	0	66.20600832339996	15.719914136241833	0.1534166659703995	73.0196755613657	4178	289	728	0
baseline	54	10000	8072	10069	1249	1402	37	41	13	41	24	28	642	4	89	0	67.82184476021176	18.529220866736168	0.4071775562348681	90.03072776315837	5192	289	767	0
baseline	55	10000	7939	10106	1306	1513	43	49	15	49	28	34	712	6	141	0	77.50793520309388	24.205122476168665	5.243825209184982	106.58736235413235	6204	560	894	0
baseline	56	10000	7790	10113	1374	1606	46	53	16	53	30	37	790	6	156	0	78.98029651900751	27.18651769228534	5.684395884194217	115.47230888580903	7186	560	938	0
baseline	57	10000	7619	10117	1448	1704	53	61	20	61	33	41	880	7	168	0	80.44048311609588	29.232740259280497	6.151925583873852	126.13030610266267	8190	560	971	0
baseline	58	10000	7437	10127	1508	1811	66	76	28	76	38	47	989	8	194	0	81.83429230651986	32.75261572936582	6.533009761985103	142.75927589755938	9178	560	1023	0
baseline	59	10000	7256	10130	1573	1907	80	91	33	91	47	57	1091	9	211	0	83.14249791225252	35.803007360995366	7.064819195698135	167.8234432249132	10134	560	1074	0
baseline	60	10000	7115	10245	1608	2082	87	101	29	101	58	71	1190	11	387	0	123.78245774232093	41.74038080290689	12.915184668373357	202.17468258929028	11122	821	1734	0
baseline	61	10000	6885	10257	1717	2240	96	111	25	111	71	85	1302	12	428	0	124.96442178078385	46.60926640932359	13.996619750310463	236.60245447369064	12040	821	1793	0
baseline	62	10000	6652	10268	1806	2386	105	128	33	128	72	94	1437	17	457	0	126.06846374559973	49.337620796401026	14.866955958683207	258.080564569258	12924	821	1846	0
baseline	63	10000	6422	10279	1896	2521	110	137	29	137	81	107	1572	21	490	0	127.168459221766	52.13372464871044	15.681679042650332	289.119236324487	13832	821	1900	0
baseline	64	10000	6195	10290	1958	2646	116	150	33	150	83	115	1731	25	524	0	128.19080083226908	54.75014584813124	16.704375270793825	306.54253872616533	14702	821	1956	0
baseline	65	10000	6044	10370	1944	2765	126	167	40	167	86	123	1886	29	655	0	134.01721837327898	60.206677091689976	28.016301526789093	322.9315318453318	15548	1041	2224	0
baseline	66	10000	5844	10392	1973	2874	135	183	40	183	95	138	2048	32	717	0	134.99130181693994	63.76845507217208	29.73856251029468	354.2847941977206	16429	1041	2306	0
baseline	67	10000	5650	10402	1997	2968	141	198	40	198	101	151	2212	36	759	0	135.87503100519137	65.99209809654052	31.37340375082087	380.2438635719002	17253	1041	2372	0
baseline	68	10000	5440	10418	2001	3053	150	214	45	214	105	161	2409	40	798	0	136.71664363370658	68.57886549149359	32.73208154609205	399.0409841639426	18062	1041	2441	0
baseline	69	10000	5247	10430	1993	3133	165	232	52	232	113	172	2595	43	853	0	137.4785163265287	70.6000478641376	34.031400459878945	419.4407495333627	18817	1041	2496	0
baseline	70	10000	5185	10607	1842	3216	169	244	46	244	123	190	2804	50	1212	0	163.85672917491542	76.59385437781538	44.017355927717844	452.48347496041714	19580	1249	3181	0
baseline	71	10000	4960	10624	1831	3301	192	276	66	276	126	202	3017	55	1272	0	164.55173749836857	78.95220804134058	47.826885175432714	475.6482034640422	20312	1249	3274	0
baseline	72	10000	4782	10642	1776	3363	206	302	61	302	145	229	3236	60	1340	0	165.20102908579122	81.9462779045259	49.287830063102575	521.9803154283558	21017	1249	3358	0
baseline	73	10000	4593	10661	1731	3417	215	323	67	323	148	242	3461	66	1391	0	165.7924278091211	84.0894843554738	50.84541748410726	543.6689096591408	21679	1249	3431	0
baseline	74	10000	4424	10677	1695	3481	224	344	64	344	160	265	3657	72	1475	0	166.37301697874665	87.0230170169941	52.425988897130445	581.427070899228	22349	1249	3520	0
baseline	75	10000	4315	10780	1568	3538	234	370	67	370	167	285	3883	79	1704	0	169.6694381206071	92.05065024835137	67.1105137917984	612.5596790736971	22994	1418	3923	0
baseline	76	10000	4080	10786	1534	3592	226	384	64	384	162	299	4160	87	1730	0	169.6694381206071	92.6713200631887	69.26287857077337	634.1287272206563	22994	1418	3987	0
baseline	77	10000	3850	10791	1483	3641	234	409	64	409	170	320	4433	93	1773	0	169.6694381206071	93.73659345829721	71.45743164086124	665.4576631764529	22994	1418	4063	0
baseline	78	10000	3606	10799	1435	3694	247	434	73	434	174	335	4712	100	1813	0	169.6694381206071	94.4958405579772	73.08254867388432	686.302394451403	22994	1418	4118	0
baseline	79	10000	3394	10809	1360	3742	245	456	73	456	172	351	5001	107	1851	0	169.6694381206071	95.2354709614144	75.05242198450195	709.1265738939852	22994	1418	4184	0
baseline	80	10000	3260	10868	1202	3742	239	482	73	482	166	372	5299	118	1975	0	169.6694381206071	96.09674045561057	85.43454351014006	738.3293339448262	22994	1418	4479	0
baseline	81	10000	3081	10871	1125	3742	243	503	71	503	172	390	5551	123	2023	0	169.6694381206071	96.9126811415543	86.95469522759416	763.1687648148622	22994	1418	4539	0
baseline	82	10000	2853	10872	1044	3742	229	516	65	516	164	401	5874	128	2052	0	169.6694381206071	97.44354833168742	88.17960700799775	777.6445718837077	22994	1418	4588	0
baseline	83	10000	2664	10873	951	3742	223	531	52	531	171	424	6162	133	2085	0	169.6694381206071	98.36691353442883	89.21258766514357	807.009708736787	22994	1418	4644	0
baseline	84	10000	2445	10875	868	3742	216	550	53	550	163	439	6471	140	2117	0	169.6694381206071	98.96357340919883	90.37374610983345	826.8669955407031	22994	1418	4696	0
baseline	85	10000	2240	10879	770	3742	215	575	56	575	159	458	6775	144	2159	0	169.6694381206071	99.78883620359322	96.97437654706299	848.7138221800573	22994	1418	4918	0
baseline	86	10000	2052	10879	678	3742	211	596	55	596	156	472	7059	152	2182	0	169.6694381206071	100.29542546636607	97.71225566062152	864.2889659429193	22994	1418	4958	0
baseline	87	10000	1852	10879	597	3742	194	613	49	613	145	491	7357	158	2214	0	169.6694381206071	101.04118296481099	98.30689451274434	885.0711756960278	22994	1418	5000	0
baseline	88	10000	1660	10879	520	3742	176	622	44	622	132	501	7644	164	2225	0	169.6694381206071	101.35942994882136	98.90762448994012	895.2900754620096	22994	1418	5032	0
baseline	89	10000	1476	10879	441	3742	167	635	45	635	122	508	7916	170	2237	0	169.6694381206071	101.62165251422894	99.46883466301664	902.8226399281854	22994	1418	5062	0
baseline	90	10000	1308	10879	389	3742	140	642	36	642	104	518	8163	179	2256	0	169.6694381206071	101.95817629327739	103.05515772063798	912.5379620594811	22994	1418	5190	0
baseline	91	10000	1138	10879	321	3742	124	652	35	652	89	526	8417	184	2273	0	169.6694381206071	102.21685241227175	103.35788153993707	920.6648117141506	22994	1418	5211	0
baseline	92	10000	958	10879	269	3742	103	657	26	657	77	535	8670	185	2288	0	169.6694381206071	102.49402776998099	104.45664151297584	929.909254406222	22994	1418	5238	0
baseline	93	10000	807	10879	225	3742	89	663	18	663	71	543	8879	189	2302	0	169.6694381206071	102.75190477350719	104.74140896685311	937.3540045878827	22994	1418	5259	0
baseline	94	10000	662	10879	188	3742	75	666	12	666	63	548	9075	193	2316	0	169.6694381206071	102.90971219211208	104.89068017572416	941.7110547694098	22994	1418	5271	0
baseline	95	10000	535	10879	156	3742	68	669	11	669	57	552	9241	195	2323	0	169.6694381206071	103.03006749496126	106.02268696362827	944.8672160271889	22994	1418	5329	0
baseline	96	10000	439	10879	118	3742	59	675	11	675	48	557	9384	199	2325	0	169.6694381206071	103.15111345817195	106.1018491914687	949.118581136436	22994	1418	5338	0
baseline	97	10000	341	10879	87	3742	49	677	9	677	40	559	9523	199	2327	0	169.6694381206071	103.21007344804546	106.256871714706	950.6818971864244	22994	1418	5348	0
baseline	98	10000	259	10879	68	3742	36	679	5	679	31	562	9637	201	2331	0	169.6694381206071	103.27587845757884	106.4287731048562	952.9856370402384	22994	1418	5359	0
baseline	99	10000	198	10879	47	3742	29	682	6	682	23	562	9726	203	2331	0	169.6694381206071	103.27587845757884	106.44716253547828	952.9856370402384	22994	1418	5360	0
baseline	100	10000	0	10879	0	3742	0	682	0	682	0	562	10000	203	2331	0	169.6694381206071	103.27587845757884	106.76824199413986	952.9856370402384	22994	1418	5378	0
