description	age	n	num_state_healthy	tot_state_healthy	num_state_polyp	tot_state_polyp	num_state_cancer	tot_state_cancer	num_state_pre	tot_state_pre	num_state_clin	tot_state_clin	tot_state_dead	tot_state_dead_crc	tot_polyps_removed	tot_lesions_cured	tot_discounted_cost_routine	tot_discounted_cost_diagnostic	tot_discounted_cost_surveillance	tot_discounted_cost_treatment	tot_test0_performed	tot_test1_performed	tot_test2_performed	tot_test3_performed
baseline	1	10000	10000	10000	0	0	0	0	0	0	0	0	0	0	0	0	0.0	0.0	0.0	0.0	0	0	0	0
baseline	2	10000	10000	10000	0	0	0	0	0	0	0	0	0	0	0	0	0.0	0.0	0.0	0.0	0	0	0	0
baseline	3	10000	10000	10000	0	0	0	0	0	0	0	0	0	0	0	0	0.0	0.0	0.0	0.0	0	0	0	0
baseline	4	10000	10000	10000	0	0	0	0	0	0	0	0	0	0	0	0	0.0	0.0	0.0	0.0	0	0	0	0
baseline	5	10000	10000	10000	0	0	0	0	0	0	0	0	0	0	0	0	0.0	0.0	0.0	0.0	0	0	0	0
baseline	6	10000	10000	10000	0	0	0	0	0	0	0	0	0	0	0	0	0.0	0.0	0.0	0.0	0	0	0	0
baseline	7	10000	10000	10000	0	0	0	0	0	0	0	0	0	0	0	0	0.0	0.0	0.0	0.0	0	0	0	0
baseline	8	10000	10000	10000	0	0	0	0	0	0	0	0	0	0	0	0	0.0	0.0	0.0	0.0	0	0	0	0
baseline	9	10000	10000	10000	0	0	0	0	0	0	0	0	0	0	0	0	0.0	0.0	0.0	0.0	0	0	0	0
baseline	10	10000	10000	10000	0	0	0	0	0	0	0	0	0	0	0	0	0.0	0.0	0.0	0.0	0	0	0	0
baseline	11	10000	10000	10000	0	0	0	0	0	0	0	0	0	0	0	0	0.0	0.0	0.0	0.0	0	0	0	0
baseline	12	10000	10000	10000	0	0	0	0	0	0	0	0	0	0	0	0	0.0	0.0	0.0	0.0	0	0	0	0
baseline	13	10000	10000	10000	0	0	0	0	0	0	0	0	0	0	0	0	0.0	0.0	0.0	0.0	0	0	0	0
baseline	14	10000	10000	10000	0	0	0	0	0	0	0	0	0	0	0	0	0.0	0.0	0.0	0.0	0	0	0	0
baseline	15	10000	10000	10000	0	0	0	0	0	0	0	0	0	0	0	0	0.0	0.0	0.0	0.0	0	0	0	0
baseline	16	10000	10000	10000	0	0	0	0	0	0	0	0	0	0	0	0	0.0	0.0	0.0	0.0	0	0	0	0
baseline	17	10000	10000	10000	0	0	0	0	0	0	0	0	0	0	0	0	0.0	0.0	0.0	0.0	0	0	0	0
baseline	18	10000	10000	10000	0	0	0	0	0	0	0	0	0	0	0	0	0.0	0.0	0.0	0.0	0	0	0	0
baseline	19	10000	10000	10000	0	0	0	0	0	0	0	0	0	0	0	0	0.0	0.0	0.0	0.0	0	0	0	0
baseline	20	10000	10000	10000	0	0	0	0	0	0	0	0	0	0	0	0	0.0	0.0	0.0	0.0	0	0	0	0
baseline	21	10000	10000	10000	0	0	0	0	0	0	0	0	0	0	0	0	0.0	0.0	0.0	0.0	0	0	0	0
baseline	22	10000	10000	10000	0	0	0	0	0	0	0	0	0	0	0	0	0.0	0.0	0.0	0.0	0	0	0	0
baseline	23	10000	10000	10000	0	0	0	0	0	0	0	0	0	0	0	0	0.0	0.0	0.0	0.0	0	0	0	0
baseline	24	10000	10000	10000	0	0	0	0	0	0	0	0	0	0	0	0	0.0	0.0	0.0	0.0	0	0	0	0
baseline	25	10000	10000	10000	0	0	0	0	0	0	0	0	0	0	0	0	0.0	0.0	0.0	0.0	0	0	0	0
baseline	26	10000	10000	10000	0	0	0	0	0	0	0	0	0	0	0	0	0.0	0.0	0.0	0.0	0	0	0	0
baseline	27	10000	10000	10000	0	0	0	0	0	0	0	0	0	0	0	0	0.0	0.0	0.0	0.0	0	0	0	0
baseline	28	10000	10000	10000	0	0	0	0	0	0	0	0	0	0	0	0	0.0	0.0	0.0	0.0	0	0	0	0
baseline	29	10000	10000	10000	0	0	0	0	0	0	0	0	0	0	0	0	0.0	0.0	0.0	0.0	0	0	0	0
baseline	30	10000	10000	10000	0	0	0	0	0	0	0	0	0	0	0	0	0.0	0.0	0.0	0.0	0	0	0	0
baseline	31	10000	10000	10000	0	0	0	0	0	0	0	0	0	0	0	0	0.0	0.0	0.0	0.0	0	0	0	0
baseline	32	10000	10000	10000	0	0	0	0	0	0	0	0	0	0	0	0	0.0	0.0	0.0	0.0	0	0	0	0
baseline	33	10000	10000	10000	0	0	0	0	0	0	0	0	0	0	0	0	0.0	0.0	0.0	0.0	0	0	0	0
baseline	34	10000	10000	10000	0	0	0	0	0	0	0	0	0	0	0	0	0.0	0.0	0.0	0.0	0	0	0	0
baseline	35	10000	10000	10000	0	0	0	0	0	0	0	0	0	0	0	0	0.0	0.0	0.0	0.0	0	0	0	0
baseline	36	10000	10000	10000	0	0	0	0	0	0	0	0	0	0	0	0	0.0	0.0	0.0	0.0	0	0	0	0
baseline	37	10000	10000	10000	0	0	0	0	0	0	0	0	0	0	0	0	0.0	0.0	0.0	0.0	0	0	0	0
baseline	38	10000	10000	10000	0	0	0	0	0	0	0	0	0	0	0	0	0.0	0.0	0.0	0.0	0	0	0	0
baseline	39	10000	10000	10000	0	0	0	0	0	0	0	0	0	0	0	0	0.0	0.0	0.0	0.0	0	0	0	0
baseline	40	10000	9934	10000	66	66	0	0	0	0	0	0	0	0	0	0	0.0	0.0	0.0	0.0	0	0	0	0
baseline	41	10000	9854	10000	146	146	0	0	0	0	0	0	0	0	0	0	0.0	0.0	0.0	0.0	0	0	0	0
baseline	42	10000	9768	10000	232	232	0	0	0	0	0	0	0	0	0	0	0.0	0.0	0.0	0.0	0	0	0	0
baseline	43	10000	9644	10000	318	320	1	1	1	1	0	0	37	0	0	0	0.0	0.0	0.0	0.0	0	0	0	0
baseline	44	10000	9541	10000	390	393	2	2	2	2	0	0	67	0	0	0	0.0	0.0	0.0	0.0	0	0	0	0
baseline	45	10000	9437	10000	462	466	3	3	3	3	0	0	98	0	0	0	0.0	0.0	0.0	0.0	0	0	0	0
baseline	46	10000	9328	10000	527	540	10	10	10	10	0	0	135	0	0	0	0.0	0.0	0.0	0.0	0	0	0	0
baseline	47	10000	9217	10000	595	610	11	11	8	11	3	3	177	0	0	0	0.0	0.2454	0.0	10.32	0	0	3	0
baseline	48	10000	9129	10000	651	671	14	14	8	14	6	6	206	0	5	0	0.0	0.5993	0.0	21.36	0	0	6	0
baseline	49	10000	9009	10000	719	744	19	19	10	19	9	9	253	0	6	0	0.0	0.8892	0.0	33.12	0	0	9	0
baseline	50	10000	9049	10234	625	888	20	20	5	20	15	15	306	0	275	0	276.6049	24.093572487436873	0.0	53.48573163493144	4874	1350	2798	0
baseline	51	10000	8864	10243	755	1034	22	23	6	23	16	17	359	0	286	0	284.88792399998607	36.509746878434356	0.0	59.55766627934505	9618	1350	2949	0
baseline	52	10000	8686	10258	869	1171	24	26	7	26	17	19	421	0	308	0	292.53461829999196	49.67061026329988	0.2677273036705733	66.45101724687217	14133	1350	3113	0
baseline	53	10000	8491	10264	995	1309	24	27	6	27	18	21	490	1	318	0	299.71534692941805	59.00022747119976	0.5265146406753994	72.56382719897216	18504	1350	3237	0
baseline	54	10000	8307	10272	1110	1444	28	32	9	32	19	23	555	2	334	0	306.4527793306417	68.2155094062038	0.7797101080515483	79.81294110727703	22732	1350	3361	0
baseline	55	10000	8241	10392	1099	1569	34	39	9	39	25	30	626	3	486	0	349.96268557779	85.26627826350166	19.503965097781943	98.98544125317892	26819	2591	3797	0
baseline	56	10000	8107	10417	1164	1672	39	44	9	44	30	35	690	3	520	0	356.08153133160624	95.21504449346519	20.401041388551377	113.28459538683991	30900	2591	3941	0
baseline	57	10000	7944	10442	1245	1789	39	46	8	46	31	38	772	4	565	0	362.002268021561	105.41760829982792	21.83036911331898	121.99182966626131	34971	2591	4100	0
baseline	58	10000	7764	10460	1334	1913	45	52	9	52	36	43	857	4	596	0	367.69459604117975	113.75383916455023	22.51027538945057	134.5965525661426	39006	2591	4228	0
baseline	59	10000	7595	10478	1393	2017	52	60	14	60	38	46	960	5	631	0	373.1477334248828	121.63632749089524	23.29370241938571	142.15135027049922	42991	2591	4353	0
baseline	60	10000	7689	10874	1186	2226	59	69	13	69	46	56	1066	7	1172	0	556.4806629149776	139.6978354036947	45.25711439260114	166.8397938420525	46882	3715	7098	0
baseline	61	10000	7429	10902	1333	2415	64	76	14	76	50	62	1174	9	1220	0	561.4505770636447	148.99541351099424	47.511314466618785	181.52049122927062	50742	3715	7275	0
baseline	62	10000	7201	10950	1438	2599	65	85	18	85	47	67	1296	13	1307	0	566.1677337391072	159.89155339112884	50.21591963344972	192.88041546728832	54519	3715	7452	0
baseline	63	10000	6972	10988	1520	2759	69	94	16	94	53	78	1439	17	1377	0	570.6404025695077	168.02030178534815	52.03610627328777	218.06535499578925	58211	3715	7605	0
baseline	64	10000	6733	11021	1600	2911	80	106	21	106	59	85	1587	18	1439	0	574.9013343852362	175.78195575167814	53.92572416801755	233.29734660001532	61837	3715	7760	0
baseline	65	10000	6693	11278	1462	3067	79	110	15	110	64	94	1766	21	1843	0	601.1371211265159	191.92040223469337	91.29508001623917	252.65882552953545	65368	4720	8622	0
baseline	66	10000	6460	11314	1524	3214	91	124	20	124	71	103	1925	22	1925	0	604.9007761120038	199.36235779580932	94.55345764350582	270.5656550196337	68772	4720	8805	0
baseline	67	10000	6244	11361	1560	3344	99	134	21	134	78	111	2097	23	2055	0	608.4818098008094	207.07590063114634	98.71761085348095	286.2276831882803	72111	4720	9006	0
baseline	68	10000	6008	11402	1583	3461	107	147	28	147	79	116	2302	26	2147	0	611.7941640766924	213.1665512288288	102.53541842424892	296.1307687684944	75295	4720	9182	0
baseline	69	10000	5773	11439	1594	3573	121	164	34	164	87	127	2512	27	2239	0	614.9203648745304	218.60585338766444	106.9407881173552	317.0145247394593	78393	4720	9337	0
baseline	70	10000	5928	11910	1200	3692	126	171	11	171	115	156	2746	28	2954	0	716.3117989430308	230.78799437800245	139.97477182599454	370.6984067042969	81394	5539	11819	0
baseline	71	10000	5676	11961	1229	3814	127	176	10	176	117	162	2968	30	3069	0	719.0386622011673	236.79038176719038	143.76522330905826	381.5524213496637	84266	5539	12005	0
baseline	72	10000	5445	12022	1221	3926	129	184	14	184	115	166	3205	33	3195	0	721.5667549777255	243.37221600311045	149.23537044239035	388.18004816195617	87011	5539	12218	0
baseline	73	10000	5228	12070	1192	4004	127	193	15	193	112	172	3453	35	3299	0	723.9234163555894	248.51057101845396	153.14293049106797	398.1760903013664	89649	5539	12403	0
baseline	74	10000	5007	12109	1184	4093	128	201	17	201	111	178	3681	38	3416	0	726.0759290381982	253.4401439093162	156.30638753066805	407.9602898709481	92133	5539	12572	0
baseline	75	10000	4919	12339	994	4187	129	210	19	210	110	184	3958	41	3759	0	738.9238041038619	262.8329329264347	194.85304298732098	417.6407558240783	94505	6205	13591	0
baseline	76	10000	4610	12362	1000	4271	125	218	19	218	106	192	4265	44	3803	0	738.9238041038619	263.15533121894975	198.78304273279875	429.6846817643297	94505	6205	13689	0
baseline	77	10000	4303	12380	1011	4357	118	225	19	225	99	198	4568	49	3832	0	738.9238041038619	263.4313996631406	202.88519658928547	439.4788269951881	94505	6205	13798	0
baseline	78	10000	4001	12399	1004	4447	116	232	20	232	96	204	4879	53	3876	0	738.9238041038619	263.63924563725004	206.74684400834929	447.8241561728761	94505	6205	13898	0
baseline	79	10000	3677	12416	981	4523	116	239	16	239	100	213	5226	54	3904	0	738.9238041038619	263.98098163868684	209.74189343848798	460.74215111136965	94505	6205	13984	0
baseline	80	10000	3562	12538	801	4523	116	244	19	244	97	214	5521	54	4066	0	738.9238041038619	264.01280892570344	234.1277762328172	461.8860658281042	94505	6205	14651	0
baseline	81	10000	3293	12551	718	4523	111	253	19	253	92	222	5878	57	4092	0	738.9238041038619	264.31434676053203	236.79001512474687	472.6295413895052	94505	6205	14733	0
baseline	82	10000	3045	12561	645	4523	97	258	17	258	80	227	6213	63	4107	0	738.9238041038619	264.4821313517833	239.0798814115502	478.86115557653767	94505	6205	14806	0
baseline	83	10000	2782	12567	578	4523	95	266	21	266	74	231	6545	64	4117	0	738.9238041038619	264.6190534845386	241.1263996991721	484.03491763711247	94505	6205	14875	0
baseline	84	10000	2527	12571	498	4523	85	274	17	274	68	238	6890	68	4129	0	738.9238041038619	264.86933639806676	242.74750857892226	492.5440829793411	94505	6205	14935	0
baseline	85	10000	2271	12578	421	4523	86	283	19	283	67	243	7222	69	4141	0	738.9238041038619	265.0680523072867	255.9930695811559	498.4372780373202	94505	6205	15377	0
baseline	86	10000	2018	12580	354	4523	71	287	18	287	53	245	7557	76	4146	0	738.9238041038619	265.16314573367197	257.23969071330407	500.756018518868	94505	6205	15424	0
baseline	87	10000	1759	12581	311	4523	65	293	18	293	47	249	7865	76	4155	0	738.9238041038619	265.33214276522074	258.3132528629499	505.19925458768523	94505	6205	15468	0
baseline	88	10000	1533	12581	271	4523	50	296	16	296	34	252	8146	80	4157	0	738.9238041038619	265.43531888361497	259.4442599711448	508.5520302286387	94505	6205	15515	0
baseline	89	10000	1293	12581	218	4523	38	299	12	299	26	254	8451	81	4158	0	738.9238041038619	265.49856396468135	260.16720756692274	510.53236314968865	94505	6205	15546	0
baseline	90	10000	1067	12581	184	4523	32	299	8	299	24	257	8717	81	4161	0	738.9238041038619	265.5864006304459	265.1498042027201	513.6811766766864	94505	6205	15755	0
baseline	91	10000	869	12581	143	4523	29	302	8	302	21	257	8959	81	4161	0	738.9238041038619	265.5864006304459	265.50175801005975	513.6811766766864	94505	6205	15770	0
baseline	92	10000	689	12581	113	4523	25	302	7	302	18	258	9173	82	4161	0	738.9238041038619	265.60867731797816	265.911432241803	514.4818302383593	94505	6205	15789	0
baseline	93	10000	559	12581	90	4523	19	302	3	302	16	261	9332	83	4163	0	738.9238041038619	266.3327939566027	266.2205086899738	517.1605920229188	94505	6205	15806	0
baseline	94	10000	421	12581	65	4523	15	306	2	306	13	263	9499	85	4163	0	738.9238041038619	266.37481865585397	266.45606909725825	518.7533981925724	94505	6205	15819	0
baseline	95	10000	307	12581	44	4523	10	306	2	306	8	263	9639	87	4163	0	738.9238041038619	266.37481865585397	268.01316234537865	518.7533981925724	94505	6205	15894	0
baseline	96	10000	226	12581	27	4523	9	307	1	307	8	265	9738	88	4163	0	738.9238041038619	266.41477167417435	268.1139072486577	520.3891316858536	94505	6205	15901	0
baseline	97	10000	166	12581	16	4523	7	307	0	307	7	266	9811	88	4163	0	738.9238041038619	266.43428399343975	268.2311743160745	521.2096986574063	94505	6205	15908	0
baseline	98	10000	122	12581	10	4523	4	307	0	307	4	266	9864	88	4163	0	738.9238041038619	266.43428399343975	268.3068385312041	521.2096986574063	94505	6205	15912	0
baseline	99	10000	81	12581	4	4523	3	307	0	307	3	266	9912	89	4163	0	738.9238041038619	266.43428399343975	268.32522796182616	521.2096986574063	94505	6205	15913	0
baseline	100	10000	0	12581	0	4523	0	307	0	307	0	266	10000	89	4163	0	738.9238041038619	266.43428399343975	268.55711868197056	521.2096986574063	94505	6205	15926	0
