description	age	n	num_state_healthy	tot_state_healthy	num_state_polyp	tot_state_polyp	num_state_cancer	tot_state_cancer	num_state_pre	tot_state_pre	num_state_clin	tot_state_clin	tot_state_dead	tot_state_dead_crc	tot_polyps_removed	tot_lesions_cured	tot_discounted_cost_routine	tot_discounted_cost_diagnostic	tot_discounted_cost_surveillance	tot_discounted_cost_treatment	tot_test0_performed	tot_test1_performed	tot_test2_performed	tot_test3_performed
baseline	1	10000	10000	10000	0	0	0	0	0	0	0	0	0	0	0	0	0.0	0.0	0.0	0.0	0	0	0	0
baseline	2	10000	10000	10000	0	0	0	0	0	0	0	0	0	0	0	0	0.0	0.0	0.0	0.0	0	0	0	0
baseline	3	10000	10000	10000	0	0	0	0	0	0	0	0	0	0	0	0	0.0	0.0	0.0	0.0	0	0	0	0
baseline	4	10000	10000	10000	0	0	0	0	0	0	0	0	0	0	0	0	0.0	0.0	0.0	0.0	0	0	0	0
baseline	5	10000	10000	10000	0	0	0	0	0	0	0	0	0	0	0	0	0.0	0.0	0.0	0.0	0	0	0	0
baseline	6	10000	10000	10000	0	0	0	0	0	0	0	0	0	0	0	0	0.0	0.0	0.0	0.0	0	0	0	0
baseline	7	10000	10000	10000	0	0	0	0	0	0	0	0	0	0	0	0	0.0	0.0	0.0	0.0	0	0	0	0
baseline	8	10000	10000	10000	0	0	0	0	0	0	0	0	0	0	0	0	0.0	0.0	0.0	0.0	0	0	0	0
baseline	9	10000	10000	10000	0	0	0	0	0	0	0	0	0	0	0	0	0.0	0.0	0.0	0.0	0	0	0	0
baseline	10	10000	10000	10000	0	0	0	0	0	0	0	0	0	0	0	0	0.0	0.0	0.0	0.0	0	0	0	0
baseline	11	10000	10000	10000	0	0	0	0	0	0	0	0	0	0	0	0	0.0	0.0	0.0	0.0	0	0	0	0
baseline	12	10000	10000	10000	0	0	0	0	0	0	0	0	0	0	0	0	0.0	0.0	0.0	0.0	0	0	0	0
baseline	13	10000	10000	10000	0	0	0	0	0	0	0	0	0	0	0	0	0.0	0.0	0.0	0.0	0	0	0	0
baseline	14	10000	10000	10000	0	0	0	0	0	0	0	0	0	0	0	0	0.0	0.0	0.0	0.0	0	0	0	0
baseline	15	10000	10000	10000	0	0	0	0	0	0	0	0	0	0	0	0	0.0	0.0	0.0	0.0	0	0	0	0
baseline	16	10000	10000	10000	0	0	0	0	0	0	0	0	0	0	0	0	0.0	0.0	0.0	0.0	0	0	0	0
baseline	17	10000	10000	10000	0	0	0	0	0	0	0	0	0	0	0	0	0.0	0.0	0.0	0.0	0	0	0	0
baseline	18	10000	10000	10000	0	0	0	0	0	0	0	0	0	0	0	0	0.0	0.0	0.0	0.0	0	0	0	0
baseline	19	10000	10000	10000	0	0	0	0	0	0	0	0	0	0	0	0	0.0	0.0	0.0	0.0	0	0	0	0
baseline	20	10000	10000	10000	0	0	0	0	0	0	0	0	0	0	0	0	0.0	0.0	0.0	0.0	0	0	0	0
baseline	21	10000	10000	10000	0	0	0	0	0	0	0	0	0	0	0	0	0.0	0.0	0.0	0.0	0	0	0	0
baseline	22	10000	10000	10000	0	0	0	0	0	0	0	0	0	0	0	0	0.0	0.0	0.0	0.0	0	0	0	0
baseline	23	10000	10000	10000	0	0	0	0	0	0	0	0	0	0	0	0	0.0	0.0	0.0	0.0	0	0	0	0
baseline	24	10000	10000	10000	0	0	0	0	0	0	0	0	0	0	0	0	0.0	0.0	0.0	0.0	0	0	0	0
baseline	25	10000	10000	10000	0	0	0	0	0	0	0	0	0	0	0	0	0.0	0.0	0.0	0.0	0	0	0	0
baseline	26	10000	10000	10000	0	0	0	0	0	0	0	0	0	0	0	0	0.0	0.0	0.0	0.0	0	0	0	0
baseline	27	10000	10000	10000	0	0	0	0	0	0	0	0	0	0	0	0	0.0	0.0	0.0	0.0	0	0	0	0
baseline	28	10000	10000	10000	0	0	0	0	0	0	0	0	0	0	0	0	0.0	0.0	0.0	0.0	0	0	0	0
baseline	29	10000	10000	10000	0	0	0	0	0	0	0	0	0	0	0	0	0.0	0.0	0.0	0.0	0	0	0	0
baseline	30	10000	10000	10000	0	0	0	0	0	0	0	0	0	0	0	0	0.0	0.0	0.0	0.0	0	0	0	0
baseline	31	10000	10000	10000	0	0	0	0	0	0	0	0	0	0	0	0	0.0	0.0	0.0	0.0	0	0	0	0
baseline	32	10000	10000	10000	0	0	0	0	0	0	0	0	0	0	0	0	0.0	0.0	0.0	0.0	0	0	0	0
baseline	33	10000	10000	10000	0	0	0	0	0	0	0	0	0	0	0	0	0.0	0.0	0.0	0.0	0	0	0	0
baseline	34	10000	10000	10000	0	0	0	0	0	0	0	0	0	0	0	0	0.0	0.0	0.0	0.0	0	0	0	0
baseline	35	10000	10000	10000	0	0	0	0	0	0	0	0	0	0	0	0	0.0	0.0	0.0	0.0	0	0	0	0
baseline	36	10000	10000	10000	0	0	0	0	0	0	0	0	0	0	0	0	0.0	0.0	0.0	0.0	0	0	0	0
baseline	37	10000	10000	10000	0	0	0	0	0	0	0	0	0	0	0	0	0.0	0.0	0.0	0.0	0	0	0	0
baseline	38	10000	10000	10000	0	0	0	0	0	0	0	0	0	0	0	0	0.0	0.0	0.0	0.0	0	0	0	0
baseline	39	10000	10000	10000	0	0	0	0	0	0	0	0	0	0	0	0	0.0	0.0	0.0	0.0	0	0	0	0
baseline	40	10000	9934	10000	66	66	0	0	0	0	0	0	0	0	0	0	0.0	0.0	0.0	0.0	0	0	0	0
baseline	41	10000	9854	10000	146	146	0	0	0	0	0	0	0	0	0	0	0.0	0.0	0.0	0.0	0	0	0	0
baseline	42	10000	9768	10000	232	232	0	0	0	0	0	0	0	0	0	0	0.0	0.0	0.0	0.0	0	0	0	0
baseline	43	10000	9657	10000	318	320	1	1	1	1	0	0	24	0	0	0	0.0	0.0	0.0	0.0	0	0	0	0
baseline	44	10000	9565	10000	390	393	2	2	2	2	0	0	43	0	0	0	0.0	0.0	0.0	0.0	0	0	0	0
baseline	45	10000	9477	10000	462	466	3	3	3	3	0	0	58	0	0	0	0.0	0.0	0.0	0.0	0	0	0	0
baseline	46	10000	9384	10000	529	540	10	10	10	10	0	0	77	0	0	0	0.0	0.0	0.0	0.0	0	0	0	0
baseline	47	10000	9292	10000	598	610	11	11	8	11	3	3	99	0	0	0	0.0	0.2454	0.0	10.32	0	0	3	0
baseline	48	10000	9203	10000	654	671	14	14	8	14	6	6	129	0	5	0	0.0	0.5993	0.0	21.36	0	0	6	0
baseline	49	10000	9106	10000	722	744	19	19	10	19	9	9	153	0	6	0	0.0	0.8892	0.0	33.12	0	0	9	0
baseline	50	10000	9167	10229	637	889	19	19	3	19	16	16	177	0	265	0	250.5422	25.83972132255156	0.0	56.73574403196208	4371	1206	2520	0
baseline	51	10000	9008	10240	779	1045	21	21	5	21	16	16	192	0	276	0	257.94523999998813	36.232786322551604	0.0	56.73574403196208	8611	1206	2645	0
baseline	52	10000	8852	10251	896	1181	28	28	9	28	19	19	224	0	293	0	264.8585968399968	47.29156525507002	0.27370309031608203	66.90893660347679	12693	1206	2784	0
baseline	53	10000	8703	10268	1003	1315	30	33	11	33	19	22	264	3	314	0	271.42819962861114	56.59045136249076	0.4925802703651636	75.79690311031233	16692	1206	2902	0
baseline	54	10000	8544	10288	1112	1454	35	38	14	38	21	24	309	3	350	0	277.7560955759288	66.40046951938157	0.7457757377413124	81.56493988458632	20663	1206	3027	0
baseline	55	10000	8497	10409	1112	1584	38	42	12	42	26	30	353	4	515	0	317.12501460435027	85.85213848491551	19.294344819458797	100.68492577578805	24514	2321	3462	0
baseline	56	10000	8361	10429	1199	1697	38	44	11	44	27	33	402	4	549	0	322.84953141102704	94.35253449801532	20.155054792151933	109.72908591370565	28332	2321	3586	0
baseline	57	10000	8218	10451	1276	1815	43	50	11	50	32	39	463	5	592	0	328.3615903781063	102.93342807313104	21.47183050664152	125.3334688378166	32122	2321	3719	0
baseline	58	10000	8060	10470	1367	1944	52	61	14	61	38	47	521	7	617	0	333.64057214994205	112.46468298956177	22.660690808572564	146.86590425964746	35864	2321	3875	0
baseline	59	10000	7929	10495	1428	2048	57	69	17	69	40	52	586	10	660	0	338.68865842561365	120.42221833758154	24.418345016181945	160.61711326313565	39553	2321	4013	0
baseline	60	10000	8049	10900	1237	2281	61	76	15	76	46	61	653	12	1195	0	514.3806203400509	135.902409706836	45.94239309161675	182.46818604074045	43197	3375	6612	0
baseline	61	10000	7828	10923	1384	2471	72	87	18	87	54	69	716	12	1238	0	519.0003229217598	143.68148498789623	47.94723986419199	201.24665760537226	46785	3375	6761	0
baseline	62	10000	7595	10953	1529	2669	78	97	18	97	60	79	798	14	1303	0	523.3940102885292	151.89548365101697	50.63059149663345	225.05559925234135	50303	3375	6928	0
baseline	63	10000	7383	10987	1641	2842	88	108	17	108	71	91	888	15	1356	0	527.629235161521	160.88425355598582	53.28892548182879	251.9936096997887	53799	3375	7116	0
baseline	64	10000	7170	11017	1743	3003	92	117	18	117	74	99	995	18	1423	0	531.6480952855682	168.000485948869	56.35474918294948	270.2599652232701	57219	3375	7282	0
baseline	65	10000	7196	11306	1609	3180	97	126	18	126	79	108	1098	22	1868	0	556.0940608658747	183.686225203866	95.56314637018457	288.89710004224725	60537	4310	8155	0
baseline	66	10000	7001	11357	1684	3338	108	139	26	139	82	113	1207	23	1971	0	559.7416219108645	192.2566345242509	98.88282431221756	299.52894447272735	63836	4310	8352	0
baseline	67	10000	6819	11402	1745	3480	113	148	28	148	85	120	1323	26	2063	0	563.2175518855302	201.02721726540614	103.024273909135	313.85263652616163	67077	4310	8553	0
baseline	68	10000	6635	11459	1777	3615	122	161	31	161	91	128	1466	28	2177	0	566.5143014773274	208.9937468966999	107.02882409927626	329.6225482537229	70246	4310	8762	0
baseline	69	10000	6453	11506	1796	3728	136	182	39	182	97	140	1615	30	2291	0	569.5900471299382	214.9902158108999	110.98358631773668	351.9779748886927	73294	4310	8940	0
baseline	70	10000	6682	12007	1372	3852	145	197	27	197	118	167	1801	34	3154	0	670.4936432933996	227.17736219118478	146.8848832700972	400.73496145091633	76298	5117	11504	0
baseline	71	10000	6490	12062	1409	3982	150	208	33	208	117	172	1951	37	3269	0	673.2404453149165	232.16845102666585	151.7166734008046	409.8964995566002	79191	5117	11692	0
baseline	72	10000	6265	12102	1451	4113	147	217	29	217	118	185	2137	40	3372	0	675.8606361889832	237.80505488361814	157.40381280216877	432.95616411339034	82036	5117	11895	0
baseline	73	10000	6049	12156	1454	4221	164	235	35	235	129	196	2333	40	3481	0	678.3441534863499	242.917413711998	163.76369918916663	451.81240363501513	84816	5117	12110	0
baseline	74	10000	5813	12201	1466	4334	175	249	33	249	142	212	2546	40	3583	0	680.6396470838688	247.78347161121997	167.9120121895164	476.7525189439152	87465	5117	12300	0
baseline	75	10000	5793	12479	1253	4439	166	256	16	256	150	235	2788	50	4027	0	694.268070369365	257.09992066728347	213.07357280920246	512.3098044037633	90087	5818	13454	0
baseline	76	10000	5535	12505	1277	4540	167	265	19	265	148	240	3021	56	4071	0	694.268070369365	257.24532709963	219.00089573317575	520.1869855922776	90087	5818	13569	0
baseline	77	10000	5266	12534	1294	4641	162	271	23	271	139	241	3278	59	4122	0	694.268070369365	257.30076790664157	224.6785598999864	521.6169896857182	90087	5818	13679	0
baseline	78	10000	5013	12557	1304	4741	163	284	31	284	132	245	3520	61	4168	0	694.268070369365	257.5528962123737	229.62975030907373	527.502940851082	90087	5818	13809	0
baseline	79	10000	4758	12577	1303	4837	171	295	32	295	139	255	3768	62	4213	0	694.268070369365	258.0138898866056	234.8148178493631	541.7650643577196	90087	5818	13929	0
baseline	80	10000	4677	12733	1082	4837	171	306	31	306	140	267	4070	65	4446	0	694.268070369365	258.4651292375092	267.26021211673543	557.6990365778414	90087	5818	14797	0
baseline	81	10000	4440	12744	998	4837	159	310	24	310	135	277	4403	71	4475	0	694.268070369365	258.84697309457243	270.43032460421915	570.6316694140897	90087	5818	14896	0
baseline	82	10000	4166	12755	931	4837	150	318	27	318	123	281	4753	76	4495	0	694.268070369365	259.02548950798854	272.88869885032557	575.6813302238075	90087	5818	14973	0
baseline	83	10000	3904	12764	835	4837	153	331	32	331	121	288	5108	77	4526	0	694.268070369365	259.33408865541185	275.953799452061	584.0836490108009	90087	5818	15076	0
baseline	84	10000	3642	12770	765	4837	150	344	34	344	116	295	5443	79	4539	0	694.268070369365	259.5869049483472	278.2983053592531	592.3106630123943	90087	5818	15160	0
baseline	85	10000	3352	12779	683	4837	139	352	30	352	109	304	5826	82	4566	0	694.268070369365	259.94920171682475	296.9897200431257	603.7876660295207	90087	5818	15768	0
baseline	86	10000	3051	12780	609	4837	134	360	30	360	104	309	6206	87	4572	0	694.268070369365	260.1006844423881	298.65699375403466	609.5160266763885	90087	5818	15832	0
baseline	87	10000	2736	12780	560	4837	128	369	26	369	102	318	6576	88	4584	0	694.268070369365	260.41989413810734	300.10072924756815	620.0663557377613	90087	5818	15895	0
baseline	88	10000	2461	12782	490	4837	115	374	26	374	89	319	6934	91	4588	0	694.268070369365	260.4610554365415	301.64451195797886	621.3557458091936	90087	5818	15955	0
baseline	89	10000	2164	12782	418	4837	100	383	27	383	73	325	7318	95	4592	0	694.268070369365	260.6623397147879	302.7404427835407	628.1612363005642	90087	5818	16005	0
baseline	90	10000	1892	12783	357	4837	88	386	19	386	69	334	7663	100	4599	0	694.268070369365	260.9324745011379	311.0745410241575	637.3219273611013	90087	5818	16358	0
baseline	91	10000	1624	12783	287	4837	83	394	18	394	65	338	8006	103	4602	0	694.268070369365	261.05261459866864	311.77714495444184	641.241932264645	90087	5818	16392	0
baseline	92	10000	1377	12783	241	4837	72	400	16	400	56	342	8310	106	4605	0	694.268070369365	261.16607653315907	313.1388673361663	645.0051866477008	90087	5818	16426	0
baseline	93	10000	1122	12783	188	4837	67	407	15	407	52	349	8623	110	4620	0	694.268070369365	261.36901096234897	313.74998853527137	651.7406783543161	90087	5818	16460	0
baseline	94	10000	917	12783	156	4837	48	410	13	410	35	351	8879	112	4621	0	694.268070369365	261.4225014625593	314.24252393232047	653.6466466484627	90087	5818	16485	0
baseline	95	10000	725	12783	120	4837	47	415	12	415	35	354	9108	113	4624	0	694.268070369365	261.4984679378136	317.9259305743661	655.9339780473636	90087	5818	16636	0
baseline	96	10000	566	12783	94	4837	40	418	12	418	28	356	9300	117	4625	0	694.268070369365	261.56876905029753	318.10698033553035	657.5092560820347	90087	5818	16648	0
baseline	97	10000	434	12783	68	4837	25	419	5	419	20	361	9473	122	4635	0	694.268070369365	261.7361648039267	318.262801118894	661.9661565921019	90087	5818	16662	0
baseline	98	10000	304	12783	45	4837	18	419	2	419	16	364	9633	125	4636	0	694.268070369365	261.78398765827546	318.4326855797983	664.5015887553079	90087	5818	16673	0
baseline	99	10000	218	12783	29	4837	12	419	0	419	12	364	9741	125	4636	0	694.268070369365	261.78398765827546	318.542744587825	664.5015887553079	90087	5818	16679	0
baseline	100	10000	0	12783	0	4837	0	419	0	419	0	364	10000	125	4636	0	694.268070369365	261.78398765827546	319.22057900055484	664.5015887553079	90087	5818	16717	0
