description	age	n	num_state_healthy	tot_state_healthy	num_state_polyp	tot_state_polyp	num_state_cancer	tot_state_cancer	num_state_pre	tot_state_pre	num_state_clin	tot_state_clin	tot_state_dead	tot_state_dead_crc	tot_polyps_removed	tot_lesions_cured	tot_discounted_cost_routine	tot_discounted_cost_diagnostic	tot_discounted_cost_surveillance	tot_discounted_cost_treatment	tot_test0_performed	tot_test1_performed	tot_test2_performed	tot_test3_performed
baseline	1	10000	10000	10000	0	0	0	0	0	0	0	0	0	0	0	0	0.0	0.0	0.0	0.0	0	0	0	0
baseline	2	10000	10000	10000	0	0	0	0	0	0	0	0	0	0	0	0	0.0	0.0	0.0	0.0	0	0	0	0
baseline	3	10000	10000	10000	0	0	0	0	0	0	0	0	0	0	0	0	0.0	0.0	0.0	0.0	0	0	0	0
baseline	4	10000	10000	10000	0	0	0	0	0	0	0	0	0	0	0	0	0.0	0.0	0.0	0.0	0	0	0	0
baseline	5	10000	10000	10000	0	0	0	0	0	0	0	0	0	0	0	0	0.0	0.0	0.0	0.0	0	0	0	0
baseline	6	10000	10000	10000	0	0	0	0	0	0	0	0	0	0	0	0	0.0	0.0	0.0	0.0	0	0	0	0
baseline	7	10000	10000	10000	0	0	0	0	0	0	0	0	0	0	0	0	0.0	0.0	0.0	0.0	0	0	0	0
baseline	8	10000	10000	10000	0	0	0	0	0	0	0	0	0	0	0	0	0.0	0.0	0.0	0.0	0	0	0	0
baseline	9	10000	10000	10000	0	0	0	0	0	0	0	0	0	0	0	0	0.0	0.0	0.0	0.0	0	0	0	0
baseline	10	10000	10000	10000	0	0	0	0	0	0	0	0	0	0	0	0	0.0	0.0	0.0	0.0	0	0	0	0
baseline	11	10000	10000	10000	0	0	0	0	0	0	0	0	0	0	0	0	0.0	0.0	0.0	0.0	0	0	0	0
baseline	12	10000	10000	10000	0	0	0	0	0	0	0	0	0	0	0	0	0.0	0.0	0.0	0.0	0	0	0	0
baseline	13	10000	10000	10000	0	0	0	0	0	0	0	0	0	0	0	0	0.0	0.0	0.0	0.0	0	0	0	0
baseline	14	10000	10000	10000	0	0	0	0	0	0	0	0	0	0	0	0	0.0	0.0	0.0	0.0	0	0	0	0
baseline	15	10000	10000	10000	0	0	0	0	0	0	0	0	0	0	0	0	0.0	0.0	0.0	0.0	0	0	0	0
baseline	16	10000	10000	10000	0	0	0	0	0	0	0	0	0	0	0	0	0.0	0.0	0.0	0.0	0	0	0	0
baseline	17	10000	10000	10000	0	0	0	0	0	0	0	0	0	0	0	0	0.0	0.0	0.0	0.0	0	0	0	0
baseline	18	10000	10000	10000	0	0	0	0	0	0	0	0	0	0	0	0	0.0	0.0	0.0	0.0	0	0	0	0
baseline	19	10000	10000	10000	0	0	0	0	0	0	0	0	0	0	0	0	0.0	0.0	0.0	0.0	0	0	0	0
baseline	20	10000	10000	10000	0	0	0	0	0	0	0	0	0	0	0	0	0.0	0.0	0.0	0.0	0	0	0	0
baseline	21	10000	10000	10000	0	0	0	0	0	0	0	0	0	0	0	0	0.0	0.0	0.0	0.0	0	0	0	0
baseline	22	10000	10000	10000	0	0	0	0	0	0	0	0	0	0	0	0	0.0	0.0	0.0	0.0	0	0	0	0
baseline	23	10000	10000	10000	0	0	0	0	0	0	0	0	0	0	0	0	0.0	0.0	0.0	0.0	0	0	0	0
baseline	24	10000	10000	10000	0	0	0	0	0	0	0	0	0	0	0	0	0.0	0.0	0.0	0.0	0	0	0	0
baseline	25	10000	10000	10000	0	0	0	0	0	0	0	0	0	0	0	0	0.0	0.0	0.0	0.0	0	0	0	0
baseline	26	10000	10000	10000	0	0	0	0	0	0	0	0	0	0	0	0	0.0	0.0	0.0	0.0	0	0	0	0
baseline	27	10000	10000	10000	0	0	0	0	0	0	0	0	0	0	0	0	0.0	0.0	0.0	0.0	0	0	0	0
baseline	28	10000	10000	10000	0	0	0	0	0	0	0	0	0	0	0	0	0.0	0.0	0.0	0.0	0	0	0	0
baseline	29	10000	10000	10000	0	0	0	0	0	0	0	0	0	0	0	0	0.0	0.0	0.0	0.0	0	0	0	0
baseline	30	10000	10000	10000	0	0	0	0	0	0	0	0	0	0	0	0	0.0	0.0	0.0	0.0	0	0	0	0
baseline	31	10000	10000	10000	0	0	0	0	0	0	0	0	0	0	0	0	0.0	0.0	0.0	0.0	0	0	0	0
baseline	32	10000	10000	10000	0	0	0	0	0	0	0	0	0	0	0	0	0.0	0.0	0.0	0.0	0	0	0	0
baseline	33	10000	10000	10000	0	0	0	0	0	0	0	0	0	0	0	0	0.0	0.0	0.0	0.0	0	0	0	0
baseline	34	10000	10000	10000	0	0	0	0	0	0	0	0	0	0	0	0	0.0	0.0	0.0	0.0	0	0	0	0
baseline	35	10000	10000	10000	0	0	0	0	0	0	0	0	0	0	0	0	0.0	0.0	0.0	0.0	0	0	0	0
baseline	36	10000	10000	10000	0	0	0	0	0	0	0	0	0	0	0	0	0.0	0.0	0.0	0.0	0	0	0	0
baseline	37	10000	10000	10000	0	0	0	0	0	0	0	0	0	0	0	0	0.0	0.0	0.0	0.0	0	0	0	0
baseline	38	10000	10000	10000	0	0	0	0	0	0	0	0	0	0	0	0	0.0	0.0	0.0	0.0	0	0	0	0
baseline	39	10000	10000	10000	0	0	0	0	0	0	0	0	0	0	0	0	0.0	0.0	0.0	0.0	0	0	0	0
baseline	40	10000	9934	10000	66	66	0	0	0	0	0	0	0	0	0	0	0.0	0.0	0.0	0.0	0	0	0	0
baseline	41	10000	9854	10000	146	146	0	0	0	0	0	0	0	0	0	0	0.0	0.0	0.0	0.0	0	0	0	0
baseline	42	10000	9768	10000	232	232	0	0	0	0	0	0	0	0	0	0	0.0	0.0	0.0	0.0	0	0	0	0
baseline	43	10000	9644	10000	318	320	1	1	1	1	0	0	37	0	0	0	0.0	0.0	0.0	0.0	0	0	0	0
baseline	44	10000	9541	10000	390	393	2	2	2	2	0	0	67	0	0	0	0.0	0.0	0.0	0.0	0	0	0	0
baseline	45	10000	9437	10000	462	466	3	3	3	3	0	0	98	0	0	0	0.0	0.0	0.0	0.0	0	0	0	0
baseline	46	10000	9328	10000	527	540	10	10	10	10	0	0	135	0	0	0	0.0	0.0	0.0	0.0	0	0	0	0
baseline	47	10000	9217	10000	595	610	11	11	8	11	3	3	177	0	0	0	0.0	0.2454	0.0	10.32	0	0	3	0
baseline	48	10000	9129	10000	651	671	14	14	8	14	6	6	206	0	5	0	0.0	0.5993	0.0	21.36	0	0	6	0
baseline	49	10000	9009	10000	719	744	19	19	10	19	9	9	253	0	6	0	0.0	0.8892	0.0	33.12	0	0	9	0
baseline	50	10000	8876	10050	796	880	22	22	8	22	14	14	306	0	65	0	62.0116	5.507415593795145	0.0	49.712143797742044	1082	299	642	0
baseline	51	10000	8688	10053	928	1025	25	26	10	26	15	15	359	0	68	0	63.84839200000015	7.540033907440609	0.0	52.82509174716531	2134	299	666	0
baseline	52	10000	8507	10055	1043	1153	28	31	12	31	16	18	422	1	73	0	65.66056539999968	10.359732292711897	0.2677273036705733	61.92624218992638	3204	299	704	0
baseline	53	10000	8317	10058	1161	1282	32	35	16	35	16	18	490	1	77	0	67.30994804560001	12.1986771204119	0.5265146406753994	61.92624218992638	4208	299	730	0
baseline	54	10000	8136	10061	1268	1411	42	45	23	45	19	21	554	1	83	0	68.93534564475978	14.89260214542225	0.7797101080515483	70.78530208077386	5228	299	768	0
baseline	55	10000	8010	10105	1318	1524	46	52	20	52	26	31	626	4	147	0	79.23998220635352	21.261913078579724	5.44276916050075	99.85179601383902	6233	591	896	0
baseline	56	10000	7874	10111	1383	1613	52	59	21	59	31	37	691	5	156	0	80.71684157109368	23.9736866414136	5.788438213405879	116.84077908445835	7218	591	937	0
baseline	57	10000	7702	10113	1466	1719	59	68	26	68	33	41	773	7	163	0	82.17993690642315	26.23110183597897	6.121061773582056	127.18276623104035	8224	591	973	0
baseline	58	10000	7529	10120	1547	1828	64	75	26	75	38	48	860	9	180	0	83.60337159583392	29.313863271455297	6.4505464893180395	146.89348186735515	9233	591	1019	0
baseline	59	10000	7365	10129	1598	1922	73	86	33	86	40	52	964	11	195	0	84.93073502424488	32.154841271332806	6.794652429008356	157.16736253588567	10203	591	1064	0
baseline	60	10000	7224	10248	1628	2095	78	93	32	93	46	60	1070	13	359	0	129.3140809496698	37.69938467661215	14.31186355970743	179.224690420058	11195	874	1740	0
baseline	61	10000	6989	10261	1747	2250	85	103	32	103	53	70	1179	16	389	0	130.52565846622085	40.342995366348696	15.20172361537876	202.4846805630569	12136	874	1788	0
baseline	62	10000	6765	10273	1834	2397	102	124	41	124	61	80	1299	18	428	0	131.65342983978283	43.29278521980541	15.886535353169178	224.77353524281983	13039	874	1839	0
baseline	63	10000	6538	10285	1899	2535	119	147	50	147	69	94	1444	24	470	0	132.76190545728545	46.44245881394279	16.91786037954301	255.2079393922249	13954	874	1900	0
baseline	64	10000	6306	10290	1973	2659	125	161	49	161	76	109	1596	29	493	0	133.81832512147196	48.94698068715419	17.93531143566964	288.4301030587767	14853	874	1957	0
baseline	65	10000	6128	10370	1968	2782	129	171	39	171	90	128	1775	33	656	0	140.10954903530845	55.36439022849147	28.89633303366242	327.4243283508305	15719	1114	2232	0
baseline	66	10000	5917	10381	2004	2891	141	189	42	189	99	142	1938	38	695	0	141.0836324789693	58.29373628117217	30.26081224830661	357.8804176968414	16600	1114	2304	0
baseline	67	10000	5710	10396	2034	2992	139	199	40	199	99	151	2117	46	731	0	141.97701404913104	60.7488192865924	31.67115260167035	375.50097196676074	17433	1114	2370	0
baseline	68	10000	5486	10411	2033	3083	156	226	50	226	106	167	2325	52	788	0	142.85191667036875	63.50489459077773	33.56197108216922	406.57503722481306	18274	1114	2448	0
baseline	69	10000	5279	10428	2005	3162	182	255	66	255	116	179	2534	53	841	0	143.6158075689996	65.79789708408845	35.04101265221116	429.30528465978483	19031	1114	2513	0
baseline	70	10000	5190	10590	1846	3238	197	278	74	278	123	194	2767	55	1203	0	170.34161376138488	71.48177038241957	45.48021075292629	457.34215155389234	19766	1325	3212	0
baseline	71	10000	4967	10615	1830	3321	214	305	70	305	144	223	2989	58	1285	0	171.0499145937566	74.99694800526822	47.08249311592775	511.65660613590654	20512	1325	3303	0
baseline	72	10000	4757	10633	1790	3395	229	330	79	330	150	237	3224	59	1331	0	171.69736421922897	77.03252821755768	48.65774952352076	538.3335562634849	21215	1325	3372	0
baseline	73	10000	4547	10651	1744	3456	236	352	74	352	162	261	3473	61	1430	0	172.31199008275001	80.13800947187227	50.802298296228116	578.8771018554866	21903	1325	3470	0
baseline	74	10000	4345	10668	1715	3527	240	368	64	368	176	286	3700	66	1503	0	172.91510957836076	84.04280063569433	52.30276293732485	620.6697048827724	22599	1325	3556	0
baseline	75	10000	4207	10772	1567	3582	247	390	58	390	189	312	3979	73	1716	0	176.30679356009358	88.37806223290013	64.76010014299702	661.7943824887897	23241	1500	3915	0
baseline	76	10000	3935	10781	1525	3642	253	411	64	411	189	324	4287	78	1762	0	176.30679356009358	89.08826023866807	67.25322569539064	680.3633079451919	23241	1500	3986	0
baseline	77	10000	3683	10792	1468	3688	255	434	73	434	182	332	4594	87	1783	0	176.30679356009358	89.48390470375469	68.94523796595901	691.918076050004	23241	1500	4034	0
baseline	78	10000	3447	10804	1392	3741	258	457	74	457	184	351	4903	92	1830	0	176.30679356009358	90.3284786156789	70.84496614151	718.430298263661	23241	1500	4097	0
baseline	79	10000	3169	10810	1325	3790	246	476	69	476	177	366	5260	103	1881	0	176.30679356009358	91.10865666056257	72.61970740634585	739.1779714767111	23241	1500	4157	0
baseline	80	10000	3001	10843	1197	3791	246	489	58	489	188	388	5556	107	1988	0	176.30679356009358	92.19813037195948	80.96488157421621	769.6338260784705	23241	1500	4407	0
baseline	81	10000	2763	10849	1083	3791	239	508	51	508	188	409	5915	115	2034	0	176.30679356009358	93.19406375399355	82.10699319680812	798.2514467616775	23241	1500	4461	0
baseline	82	10000	2556	10853	970	3791	228	532	64	532	164	416	6246	126	2046	0	176.30679356009358	93.46486851351953	82.97570099134055	806.9928995368956	23241	1500	4493	0
baseline	83	10000	2318	10856	888	3791	214	548	59	548	155	431	6580	135	2069	0	176.30679356009358	94.03380408510638	84.09140666233633	825.6743115716021	23241	1500	4541	0
baseline	84	10000	2101	10857	779	3791	195	560	47	560	148	447	6925	143	2093	0	176.30679356009358	94.66406924599401	85.14095086324254	845.4316323398249	23241	1500	4590	0
baseline	85	10000	1895	10860	673	3791	176	573	40	573	136	463	7256	150	2129	0	176.30679356009358	95.30258027456718	89.36999451873702	865.608753116692	23241	1500	4752	0
baseline	86	10000	1678	10860	573	3791	165	578	32	578	133	471	7584	152	2139	0	176.30679356009358	95.5865407539473	90.0894641934475	874.9392232365415	23241	1500	4786	0
baseline	87	10000	1465	10860	489	3791	157	590	31	590	126	482	7889	155	2149	0	176.30679356009358	95.94822998441578	91.22426320814898	886.6672913523465	23241	1500	4809	0
baseline	88	10000	1275	10860	416	3791	143	598	26	598	117	494	8166	160	2164	0	176.30679356009358	96.34000359530128	91.73554751057308	899.0683129612371	23241	1500	4841	0
baseline	89	10000	1072	10860	339	3791	116	605	20	605	96	498	8473	164	2165	0	176.30679356009358	96.45138593016897	92.1333411243404	903.134220160298	23241	1500	4861	0
baseline	90	10000	895	10860	275	3791	96	610	15	610	81	502	8734	167	2170	0	176.30679356009358	96.56605872752327	93.88633307211224	907.5407865823396	23241	1500	4937	0
baseline	91	10000	724	10860	221	3791	81	614	13	614	68	505	8974	171	2179	0	176.30679356009358	96.67033934331307	94.08432192898985	910.375961362524	23241	1500	4948	0
baseline	92	10000	569	10860	176	3791	70	618	9	618	61	509	9185	173	2183	0	176.30679356009358	96.80928220283337	94.25500722837342	914.1735744805001	23241	1500	4960	0
baseline	93	10000	454	10860	143	3791	59	620	5	620	54	511	9344	174	2190	0	176.30679356009358	96.87326391511674	94.33276820478606	916.1989437823536	23241	1500	4965	0
baseline	94	10000	340	10860	108	3791	48	622	5	622	43	511	9504	175	2191	0	176.30679356009358	96.87326391511674	94.49367066832707	916.1989437823536	23241	1500	4972	0
baseline	95	10000	251	10860	73	3791	36	624	4	624	32	514	9640	177	2192	0	176.30679356009358	96.91448645985416	94.96145551853418	918.9369878355844	23241	1500	4996	0
baseline	96	10000	190	10860	45	3791	30	626	4	626	26	515	9735	178	2192	0	176.30679356009358	96.93429399356158	95.00059426982699	919.7699696932066	23241	1500	4999	0
baseline	97	10000	138	10860	31	3791	20	626	2	626	18	517	9811	178	2194	0	176.30679356009358	97.00462038595562	95.05922780353539	921.5721137594405	23241	1500	5005	0
baseline	98	10000	105	10860	15	3791	15	627	2	627	13	517	9865	178	2194	0	176.30679356009358	97.00462038595562	95.07799195333916	921.5721137594405	23241	1500	5006	0
baseline	99	10000	68	10860	10	3791	7	627	1	627	6	517	9915	179	2194	0	176.30679356009358	97.00462038595562	95.07799195333916	921.5721137594405	23241	1500	5006	0
baseline	100	10000	0	10860	0	3791	0	627	0	627	0	517	10000	179	2194	0	176.30679356009358	97.00462038595562	95.16718069185627	921.5721137594405	23241	1500	5011	0
